1	1	1	2	2	8	27	0.602014	166109
1	1	1	2	2	32	75	0.602515	165971
1	1	1	2	2	128	267	0.602515	165971
1	1	1	2	4	8	33	1.00889	99119
1	1	1	2	4	32	81	1.1037	90604
1	1	1	2	4	128	273	1.1037	90604
1	1	1	2	8	8	45	1.05044	95198
1	1	1	2	8	32	93	1.30239	76782
1	1	1	2	8	128	285	1.30676	76525
1	1	2	2	2	8	30	0.620995	161032
1	1	2	2	2	32	78	0.622588	160620
1	1	2	2	2	128	270	0.622588	160620
1	1	2	2	4	8	38	1.01492	98530
1	1	2	2	4	32	86	1.14007	87714
1	1	2	2	4	128	278	1.14007	87714
1	1	2	2	8	8	54	1.05179	95076
1	1	2	2	8	32	102	1.30434	76667
1	1	2	2	8	128	294	1.30873	76410
1	1	3	2	2	8	33	0.622293	160696
1	1	3	2	2	32	81	0.627778	159292
1	1	3	2	2	128	273	0.627778	159292
1	1	3	2	4	8	43	1.01492	98530
1	1	3	2	4	32	91	1.14008	87713
1	1	3	2	4	128	283	1.14008	87713
1	1	3	2	8	8	63	1.05179	95076
1	1	3	2	8	32	111	1.30434	76667
1	1	3	2	8	128	303	1.30873	76410
1	2	1	2	2	8	30	0.616363	162242
1	2	1	2	2	32	78	0.618112	161783
1	2	1	2	2	128	270	0.618112	161783
1	2	1	2	4	8	38	1.01006	99004
1	2	1	2	4	32	86	1.12633	88784
1	2	1	2	4	128	278	1.12647	88773
1	2	1	2	8	8	54	1.05251	95011
1	2	1	2	8	32	102	1.30241	76781
1	2	1	2	8	128	294	1.31416	76094
1	2	2	2	2	8	33	0.636242	157173
1	2	2	2	2	32	81	0.638969	156502
1	2	2	2	2	128	273	0.638969	156502
1	2	2	2	4	8	43	1.01674	98354
1	2	2	2	4	32	91	1.15024	86938
1	2	2	2	4	128	283	1.15841	86325
1	2	2	2	8	8	63	1.05374	94900
1	2	2	2	8	32	111	1.30438	76665
1	2	2	2	8	128	303	1.31725	75916
1	2	3	2	2	8	36	0.638451	156629
1	2	3	2	2	32	84	0.642872	155552
1	2	3	2	2	128	276	0.642872	155552
1	2	3	2	4	8	48	1.01674	98354
1	2	3	2	4	32	96	1.1504	86926
1	2	3	2	4	128	288	1.15843	86324
1	2	3	2	8	8	72	1.05374	94900
1	2	3	2	8	32	120	1.30436	76666
1	2	3	2	8	128	312	1.31723	75917
1	3	1	2	2	8	33	0.616363	162242
1	3	1	2	2	32	81	0.619302	161472
1	3	1	2	2	128	273	0.619302	161472
1	3	1	2	4	8	43	1.01006	99004
1	3	1	2	4	32	91	1.12633	88784
1	3	1	2	4	128	283	1.12647	88773
1	3	1	2	8	8	63	1.05251	95011
1	3	1	2	8	32	111	1.30241	76781
1	3	1	2	8	128	303	1.31416	76094
1	3	2	2	2	8	36	0.636242	157173
1	3	2	2	2	32	84	0.640418	156148
1	3	2	2	2	128	276	0.640418	156148
1	3	2	2	4	8	48	1.01674	98354
1	3	2	2	4	32	96	1.15024	86938
1	3	2	2	4	128	288	1.15937	86254
1	3	2	2	8	8	72	1.05374	94900
1	3	2	2	8	32	120	1.30438	76665
1	3	2	2	8	128	312	1.31725	75916
1	3	3	2	2	8	39	0.638512	156614
1	3	3	2	2	32	87	0.645003	155038
1	3	3	2	2	128	279	0.645003	155038
1	3	3	2	4	8	53	1.01674	98354
1	3	3	2	4	32	101	1.1504	86926
1	3	3	2	4	128	293	1.15934	86256
1	3	3	2	8	8	81	1.05374	94900
1	3	3	2	8	32	129	1.30436	76666
1	3	3	2	8	128	321	1.31723	75917
2	1	1	2	2	8	30	0.93096	107416
2	1	1	2	2	32	78	0.980286	102011
2	1	1	2	2	128	270	0.980286	102011
2	1	1	2	4	8	38	1.0921	91567
2	1	1	2	4	32	86	1.80973	55257
2	1	1	2	4	128	278	1.8134	55145
2	1	1	2	8	8	54	1.09917	90978
2	1	1	2	8	32	102	1.99804	50049
2	1	1	2	8	128	294	1.99892	50027
2	1	2	2	2	8	33	0.98069	101969
2	1	2	2	2	32	81	1.05746	94566
2	1	2	2	2	128	273	1.05746	94566
2	1	2	2	4	8	43	1.10056	90863
2	1	2	2	4	32	91	1.93293	51735
2	1	2	2	4	128	283	1.94197	51494
2	1	2	2	8	8	63	1.10056	90863
2	1	2	2	8	32	111	1.99872	50032
2	1	2	2	8	128	303	1.99896	50026
2	1	3	2	2	8	36	0.983536	101674
2	1	3	2	2	32	84	1.08656	92034
2	1	3	2	2	128	276	1.08656	92034
2	1	3	2	4	8	48	1.10056	90863
2	1	3	2	4	32	96	1.94126	51513
2	1	3	2	4	128	288	1.95114	51252
2	1	3	2	8	8	72	1.10056	90863
2	1	3	2	8	32	120	1.99876	50031
2	1	3	2	8	128	312	1.99896	50026
2	2	1	2	2	8	33	0.982328	101799
2	2	1	2	2	32	81	1.04953	95281
2	2	1	2	2	128	273	1.04953	95281
2	2	1	2	4	8	43	1.09476	91344
2	2	1	2	4	32	91	1.87959	53203
2	2	1	2	4	128	283	1.88836	52956
2	2	1	2	8	8	63	1.1021	90736
2	2	1	2	8	32	111	1.99808	50048
2	2	1	2	8	128	303	1.99896	50026
2	2	2	2	2	8	36	1.03802	96337
2	2	2	2	2	32	84	1.13882	87810
2	2	2	2	2	128	276	1.13882	87810
2	2	2	2	4	8	48	1.1035	90621
2	2	2	2	4	32	96	1.94598	51388
2	2	2	2	4	128	288	1.99414	50147
2	2	2	2	8	8	72	1.1035	90621
2	2	2	2	8	32	120	1.99876	50031
2	2	2	2	8	128	312	1.999	50025
2	2	3	2	2	8	39	1.04414	95773
2	2	3	2	2	32	87	1.17251	85287
2	2	3	2	2	128	279	1.17251	85287
2	2	3	2	4	8	53	1.1035	90621
2	2	3	2	4	32	101	1.954	51177
2	2	3	2	4	128	293	1.99732	50067
2	2	3	2	8	8	81	1.1035	90621
2	2	3	2	8	32	129	1.9988	50030
2	2	3	2	8	128	321	1.999	50025
2	3	1	2	2	8	36	0.982328	101799
2	3	1	2	2	32	84	1.05539	94752
2	3	1	2	2	128	276	1.05539	94752
2	3	1	2	4	8	48	1.09476	91344
2	3	1	2	4	32	96	1.8785	53234
2	3	1	2	4	128	288	1.88747	52981
2	3	1	2	8	8	72	1.1021	90736
2	3	1	2	8	32	120	1.99808	50048
2	3	1	2	8	128	312	1.99896	50026
2	3	2	2	2	8	39	1.03802	96337
2	3	2	2	2	32	87	1.1458	87275
2	3	2	2	2	128	279	1.1458	87275
2	3	2	2	4	8	53	1.1035	90621
2	3	2	2	4	32	101	1.94598	51388
2	3	2	2	4	128	293	1.99696	50076
2	3	2	2	8	8	81	1.1035	90621
2	3	2	2	8	32	129	1.99876	50031
2	3	2	2	8	128	321	1.999	50025
2	3	3	2	2	8	42	1.04414	95773
2	3	3	2	2	32	90	1.17957	84777
2	3	3	2	2	128	282	1.1841	84452
2	3	3	2	4	8	58	1.1035	90621
2	3	3	2	4	32	106	1.954	51177
2	3	3	2	4	128	298	1.9976	50060
2	3	3	2	8	8	90	1.1035	90621
2	3	3	2	8	32	138	1.9988	50030
2	3	3	2	8	128	330	1.999	50025
3	1	1	2	2	8	33	0.977632	102288
3	1	1	2	2	32	81	1.21297	82442
3	1	1	2	2	128	273	1.21297	82442
3	1	1	2	4	8	43	1.0921	91567
3	1	1	2	4	32	91	1.94216	51489
3	1	1	2	4	128	283	1.98436	50394
3	1	1	2	8	8	63	1.09917	90978
3	1	1	2	8	32	111	1.99832	50042
3	1	1	2	8	128	303	1.99892	50027
3	1	2	2	2	8	36	1.03561	96561
3	1	2	2	2	32	84	1.40465	71192
3	1	2	2	2	128	276	1.40465	71192
3	1	2	2	4	8	48	1.10325	90641
3	1	2	2	4	32	96	1.99231	50193
3	1	2	2	4	128	288	1.99884	50029
3	1	2	2	8	8	72	1.10325	90641
3	1	2	2	8	32	120	1.99872	50032
3	1	2	2	8	128	312	1.99896	50026
3	1	3	2	2	8	39	1.03907	96240
3	1	3	2	2	32	87	1.46022	68483
3	1	3	2	2	128	279	1.46022	68483
3	1	3	2	4	8	53	1.10325	90641
3	1	3	2	4	32	101	1.99235	50192
3	1	3	2	4	128	293	1.99884	50029
3	1	3	2	8	8	81	1.10325	90641
3	1	3	2	8	32	129	1.99876	50031
3	1	3	2	8	128	321	1.99896	50026
3	2	1	2	2	8	36	1.03009	97079
3	2	1	2	2	32	84	1.33826	74724
3	2	1	2	2	128	276	1.33853	74709
3	2	1	2	4	8	48	1.09476	91344
3	2	1	2	4	32	96	1.98863	50286
3	2	1	2	4	128	288	1.99888	50028
3	2	1	2	8	8	72	1.1021	90736
3	2	1	2	8	32	120	1.99836	50041
3	2	1	2	8	128	312	1.99896	50026
3	2	2	2	2	8	39	1.09431	91382
3	2	2	2	2	32	87	1.57344	63555
3	2	2	2	2	128	279	1.57582	63459
3	2	2	2	4	8	53	1.10621	90399
3	2	2	2	4	32	101	1.99876	50031
3	2	2	2	4	128	293	1.999	50025
3	2	2	2	8	8	81	1.10621	90399
3	2	2	2	8	32	129	1.99876	50031
3	2	2	2	8	128	321	1.999	50025
3	2	3	2	2	8	42	1.10165	90773
3	2	3	2	2	32	90	1.63975	60985
3	2	3	2	2	128	282	1.64241	60886
3	2	3	2	4	8	58	1.10621	90399
3	2	3	2	4	32	106	1.9988	50030
3	2	3	2	4	128	298	1.999	50025
3	2	3	2	8	8	90	1.10621	90399
3	2	3	2	8	32	138	1.9988	50030
3	2	3	2	8	128	330	1.999	50025
3	3	1	2	2	8	39	1.03009	97079
3	3	1	2	2	32	87	1.35278	73922
3	3	1	2	2	128	279	1.35371	73871
3	3	1	2	4	8	53	1.09476	91344
3	3	1	2	4	32	101	1.98863	50286
3	3	1	2	4	128	293	1.99888	50028
3	3	1	2	8	8	81	1.1021	90736
3	3	1	2	8	32	129	1.99836	50041
3	3	1	2	8	128	321	1.99896	50026
3	3	2	2	2	8	42	1.09431	91382
3	3	2	2	2	32	90	1.59688	62622
3	3	2	2	2	128	282	1.59941	62523
3	3	2	2	4	8	58	1.10621	90399
3	3	2	2	4	32	106	1.99876	50031
3	3	2	2	4	128	298	1.999	50025
3	3	2	2	8	8	90	1.10621	90399
3	3	2	2	8	32	138	1.99876	50031
3	3	2	2	8	128	330	1.999	50025
3	3	3	2	2	8	45	1.10165	90773
3	3	3	2	2	32	93	1.66033	60229
3	3	3	2	2	128	285	1.67294	59775
3	3	3	2	4	8	63	1.10621	90399
3	3	3	2	4	32	111	1.9988	50030
3	3	3	2	4	128	303	1.999	50025
3	3	3	2	8	8	99	1.10621	90399
3	3	3	2	8	32	147	1.9988	50030
3	3	3	2	8	128	339	1.999	50025
1	1	1	4	2	8	29	0.602014	166109
1	1	1	4	2	32	77	0.602515	165971
1	1	1	4	2	128	269	0.602515	165971
1	1	1	4	4	8	35	1.01117	98895
1	1	1	4	4	32	83	1.1037	90604
1	1	1	4	4	128	275	1.1037	90604
1	1	1	4	8	8	47	1.05284	94981
1	1	1	4	8	32	95	1.30676	76525
1	1	1	4	8	128	287	1.30676	76525
1	1	2	4	2	8	32	0.620995	161032
1	1	2	4	2	32	80	0.622588	160620
1	1	2	4	2	128	272	0.622588	160620
1	1	2	4	4	8	40	1.01616	98410
1	1	2	4	4	32	88	1.14007	87714
1	1	2	4	4	128	280	1.14007	87714
1	1	2	4	8	8	56	1.05421	94858
1	1	2	4	8	32	104	1.30873	76410
1	1	2	4	8	128	296	1.30873	76410
1	1	3	4	2	8	35	0.62277	160573
1	1	3	4	2	32	83	0.627778	159292
1	1	3	4	2	128	275	0.627778	159292
1	1	3	4	4	8	45	1.01616	98410
1	1	3	4	4	32	93	1.14008	87713
1	1	3	4	4	128	285	1.14008	87713
1	1	3	4	8	8	65	1.05421	94858
1	1	3	4	8	32	113	1.30873	76410
1	1	3	4	8	128	305	1.30873	76410
1	2	1	4	2	8	32	0.617204	162021
1	2	1	4	2	32	80	0.618112	161783
1	2	1	4	2	128	272	0.618112	161783
1	2	1	4	4	8	40	1.01414	98606
1	2	1	4	4	32	88	1.12647	88773
1	2	1	4	4	128	280	1.12647	88773
1	2	1	4	8	8	56	1.05493	94793
1	2	1	4	8	32	104	1.31397	76105
1	2	1	4	8	128	296	1.31416	76094
1	2	2	4	2	8	35	0.637077	156967
1	2	2	4	2	32	83	0.638969	156502
1	2	2	4	2	128	275	0.638969	156502
1	2	2	4	4	8	45	1.01856	98178
1	2	2	4	4	32	93	1.15841	86325
1	2	2	4	4	128	285	1.15841	86325
1	2	2	4	8	8	65	1.05639	94662
1	2	2	4	8	32	113	1.31818	75862
1	2	2	4	8	128	305	1.31968	75776
1	2	3	4	2	8	38	0.638574	156599
1	2	3	4	2	32	86	0.642872	155552
1	2	3	4	2	128	278	0.642872	155552
1	2	3	4	4	8	50	1.01856	98178
1	2	3	4	4	32	98	1.15843	86324
1	2	3	4	4	128	290	1.15843	86324
1	2	3	4	8	8	74	1.05639	94662
1	2	3	4	8	32	122	1.31836	75852
1	2	3	4	8	128	314	1.31966	75777
1	3	1	4	2	8	35	0.617318	161991
1	3	1	4	2	32	83	0.619302	161472
1	3	1	4	2	128	275	0.619302	161472
1	3	1	4	4	8	45	1.01414	98606
1	3	1	4	4	32	93	1.12647	88773
1	3	1	4	4	128	285	1.12647	88773
1	3	1	4	8	8	65	1.05493	94793
1	3	1	4	8	32	113	1.31397	76105
1	3	1	4	8	128	305	1.31416	76094
1	3	2	4	2	8	38	0.637077	156967
1	3	2	4	2	32	86	0.640418	156148
1	3	2	4	2	128	278	0.640418	156148
1	3	2	4	4	8	50	1.01857	98177
1	3	2	4	4	32	98	1.15937	86254
1	3	2	4	4	128	290	1.15937	86254
1	3	2	4	8	8	74	1.0564	94661
1	3	2	4	8	32	122	1.31818	75862
1	3	2	4	8	128	314	1.31968	75776
1	3	3	4	2	8	41	0.638635	156584
1	3	3	4	2	32	89	0.645003	155038
1	3	3	4	2	128	281	0.645003	155038
1	3	3	4	4	8	55	1.01857	98177
1	3	3	4	4	32	103	1.15934	86256
1	3	3	4	4	128	295	1.15934	86256
1	3	3	4	8	8	83	1.0564	94661
1	3	3	4	8	32	131	1.31836	75852
1	3	3	4	8	128	323	1.31966	75777
2	1	1	4	2	8	32	0.932531	107235
2	1	1	4	2	32	80	0.980296	102010
2	1	1	4	2	128	272	0.980296	102010
2	1	1	4	4	8	40	1.11503	89684
2	1	1	4	4	32	88	1.82242	54872
2	1	1	4	4	128	280	1.82242	54872
2	1	1	4	8	8	56	1.11813	89435
2	1	1	4	8	32	104	2.41365	41431
2	1	1	4	8	128	296	2.49047	40153
2	1	2	4	2	8	35	0.982453	101786
2	1	2	4	2	32	83	1.05747	94565
2	1	2	4	2	128	275	1.05747	94565
2	1	2	4	4	8	45	1.12142	89173
2	1	2	4	4	32	93	1.95557	51136
2	1	2	4	4	128	285	1.95557	51136
2	1	2	4	8	8	65	1.12142	89173
2	1	2	4	8	32	113	2.4469	40868
2	1	2	4	8	128	305	2.52519	39601
2	1	3	4	2	8	38	0.986505	101368
2	1	3	4	2	32	86	1.08657	92033
2	1	3	4	2	128	278	1.08657	92033
2	1	3	4	4	8	50	1.12142	89173
2	1	3	4	4	32	98	1.96483	50895
2	1	3	4	4	128	290	1.96502	50890
2	1	3	4	8	8	74	1.12142	89173
2	1	3	4	8	32	122	2.46002	40650
2	1	3	4	8	128	314	2.53711	39415
2	2	1	4	2	8	35	0.987342	101282
2	2	1	4	2	32	83	1.04954	95280
2	2	1	4	2	128	275	1.04954	95280
2	2	1	4	4	8	45	1.12137	89177
2	2	1	4	4	32	93	1.91729	52157
2	2	1	4	4	128	285	1.91729	52157
2	2	1	4	8	8	65	1.12328	89025
2	2	1	4	8	32	113	2.44176	40954
2	2	1	4	8	128	305	2.52723	39569
2	2	2	4	2	8	38	1.04282	95894
2	2	2	4	2	32	86	1.13884	87809
2	2	2	4	2	128	278	1.13884	87809
2	2	2	4	4	8	50	1.12682	88745
2	2	2	4	4	32	98	2.04792	48830
2	2	2	4	4	128	290	2.04939	48795
2	2	2	4	8	8	74	1.12682	88745
2	2	2	4	8	32	122	2.48423	40254
2	2	2	4	8	128	314	2.59343	38559
2	2	3	4	2	8	41	1.04675	95534
2	2	3	4	2	32	89	1.17253	85286
2	2	3	4	2	128	281	1.17253	85286
2	2	3	4	4	8	55	1.12682	88745
2	2	3	4	4	32	103	2.05905	48566
2	2	3	4	4	128	295	2.0622	48492
2	2	3	4	8	8	83	1.12682	88745
2	2	3	4	8	32	131	2.49788	40034
2	2	3	4	8	128	323	2.60356	38409
2	3	1	4	2	8	38	0.987342	101282
2	3	1	4	2	32	86	1.0554	94751
2	3	1	4	2	128	278	1.0554	94751
2	3	1	4	4	8	50	1.12158	89160
2	3	1	4	4	32	98	1.91641	52181
2	3	1	4	4	128	290	1.91641	52181
2	3	1	4	8	8	74	1.12349	89008
2	3	1	4	8	32	122	2.44194	40951
2	3	1	4	8	128	314	2.52723	39569
2	3	2	4	2	8	41	1.04282	95894
2	3	2	4	2	32	89	1.14582	87274
2	3	2	4	2	128	281	1.14582	87274
2	3	2	4	4	8	55	1.12703	88729
2	3	2	4	4	32	103	2.05541	48652
2	3	2	4	4	128	295	2.06403	48449
2	3	2	4	8	8	83	1.12703	88729
2	3	2	4	8	32	131	2.48423	40254
2	3	2	4	8	128	323	2.59902	38476
2	3	3	4	2	8	44	1.04676	95533
2	3	3	4	2	32	92	1.18412	84451
2	3	3	4	2	128	284	1.18412	84451
2	3	3	4	4	8	60	1.12719	88716
2	3	3	4	4	32	108	2.06612	48400
2	3	3	4	4	128	300	2.0842	47980
2	3	3	4	8	8	92	1.12719	88716
2	3	3	4	8	32	140	2.49788	40034
2	3	3	4	8	128	332	2.61001	38314
3	1	1	4	2	8	35	1.00269	99732
3	1	1	4	2	32	83	1.213	82440
3	1	1	4	2	128	275	1.213	82440
3	1	1	4	4	8	45	1.12686	88742
3	1	1	4	4	32	93	2.23599	44723
3	1	1	4	4	128	285	2.26321	44185
3	1	1	4	8	8	65	1.12996	88499
3	1	1	4	8	32	113	2.64382	37824
3	1	1	4	8	128	305	3.35976	29764
3	1	2	4	2	8	38	1.06241	94126
3	1	2	4	2	32	86	1.40469	71190
3	1	2	4	2	128	278	1.40469	71190
3	1	2	4	4	8	50	1.13552	88065
3	1	2	4	4	32	98	2.44057	40974
3	1	2	4	4	128	290	2.54498	39293
3	1	2	4	8	8	74	1.13552	88065
3	1	2	4	8	32	122	2.67824	37338
3	1	2	4	8	128	314	3.47174	28804
3	1	3	4	2	8	41	1.06645	93769
3	1	3	4	2	32	89	1.46026	68481
3	1	3	4	2	128	281	1.46026	68481
3	1	3	4	4	8	55	1.13552	88065
3	1	3	4	4	32	103	2.45513	40731
3	1	3	4	4	128	295	2.57639	38814
3	1	3	4	8	8	83	1.13552	88065
3	1	3	4	8	32	131	2.67903	37327
3	1	3	4	8	128	323	3.4992	28578
3	2	1	4	2	8	38	1.06051	94294
3	2	1	4	2	32	86	1.33862	74704
3	2	1	4	2	128	278	1.33862	74704
3	2	1	4	4	8	50	1.13536	88078
3	2	1	4	4	32	98	2.449	40833
3	2	1	4	4	128	290	2.49507	40079
3	2	1	4	8	8	74	1.13727	87930
3	2	1	4	8	32	122	2.69789	37066
3	2	1	4	8	128	314	3.49382	28622
3	2	2	4	2	8	41	1.12665	88759
3	2	2	4	2	32	89	1.57811	63367
3	2	2	4	2	128	281	1.57811	63367
3	2	2	4	4	8	55	1.14314	87478
3	2	2	4	4	32	103	2.64901	37750
3	2	2	4	4	128	295	2.82231	35432
3	2	2	4	8	8	83	1.14314	87478
3	2	2	4	8	32	131	2.75217	36335
3	2	2	4	8	128	323	3.66623	27276
3	2	3	4	2	8	44	1.13048	88458
3	2	3	4	2	32	92	1.64693	60719
3	2	3	4	2	128	284	1.64693	60719
3	2	3	4	4	8	60	1.14314	87478
3	2	3	4	4	32	108	2.66596	37510
3	2	3	4	4	128	300	2.86484	34906
3	2	3	4	8	8	92	1.14314	87478
3	2	3	4	8	32	140	2.75368	36315
3	2	3	4	8	128	332	3.69699	27049
3	3	1	4	2	8	41	1.0619	94171
3	3	1	4	2	32	89	1.35382	73865
3	3	1	4	2	128	281	1.35382	73865
3	3	1	4	4	8	55	1.13558	88061
3	3	1	4	4	32	103	2.45164	40789
3	3	1	4	4	128	295	2.50031	39995
3	3	1	4	8	8	83	1.13749	87913
3	3	1	4	8	32	131	2.69789	37066
3	3	1	4	8	128	323	3.49406	28620
3	3	2	4	2	8	44	1.12821	88636
3	3	2	4	2	32	92	1.60272	62394
3	3	2	4	2	128	284	1.60272	62394
3	3	2	4	4	8	60	1.14335	87462
3	3	2	4	4	32	108	2.65823	37619
3	3	2	4	4	128	300	2.8439	35163
3	3	2	4	8	8	92	1.14335	87462
3	3	2	4	8	32	140	2.75232	36333
3	3	2	4	8	128	332	3.66811	27262
3	3	3	4	2	8	47	1.13207	88334
3	3	3	4	2	32	95	1.68095	59490
3	3	3	4	2	128	287	1.68095	59490
3	3	3	4	4	8	65	1.14335	87462
3	3	3	4	4	32	113	2.67487	37385
3	3	3	4	4	128	305	2.90782	34390
3	3	3	4	8	8	101	1.14335	87462
3	3	3	4	8	32	149	2.75368	36315
3	3	3	4	8	128	341	3.69864	27037
1	1	1	8	2	8	33	0.602014	166109
1	1	1	8	2	32	81	0.602515	165971
1	1	1	8	2	128	273	0.602515	165971
1	1	1	8	4	8	39	1.01117	98895
1	1	1	8	4	32	87	1.1037	90604
1	1	1	8	4	128	279	1.1037	90604
1	1	1	8	8	8	51	1.05284	94981
1	1	1	8	8	32	99	1.30676	76525
1	1	1	8	8	128	291	1.30676	76525
1	1	2	8	2	8	36	0.620995	161032
1	1	2	8	2	32	84	0.622588	160620
1	1	2	8	2	128	276	0.622588	160620
1	1	2	8	4	8	44	1.01616	98410
1	1	2	8	4	32	92	1.14007	87714
1	1	2	8	4	128	284	1.14007	87714
1	1	2	8	8	8	60	1.05421	94858
1	1	2	8	8	32	108	1.30873	76410
1	1	2	8	8	128	300	1.30873	76410
1	1	3	8	2	8	39	0.62277	160573
1	1	3	8	2	32	87	0.627778	159292
1	1	3	8	2	128	279	0.627778	159292
1	1	3	8	4	8	49	1.01616	98410
1	1	3	8	4	32	97	1.14008	87713
1	1	3	8	4	128	289	1.14008	87713
1	1	3	8	8	8	69	1.05421	94858
1	1	3	8	8	32	117	1.30873	76410
1	1	3	8	8	128	309	1.30873	76410
1	2	1	8	2	8	36	0.617204	162021
1	2	1	8	2	32	84	0.618112	161783
1	2	1	8	2	128	276	0.618112	161783
1	2	1	8	4	8	44	1.01414	98606
1	2	1	8	4	32	92	1.12647	88773
1	2	1	8	4	128	284	1.12647	88773
1	2	1	8	8	8	60	1.05493	94793
1	2	1	8	8	32	108	1.31397	76105
1	2	1	8	8	128	300	1.31416	76094
1	2	2	8	2	8	39	0.637077	156967
1	2	2	8	2	32	87	0.638969	156502
1	2	2	8	2	128	279	0.638969	156502
1	2	2	8	4	8	49	1.01856	98178
1	2	2	8	4	32	97	1.15841	86325
1	2	2	8	4	128	289	1.15841	86325
1	2	2	8	8	8	69	1.05639	94662
1	2	2	8	8	32	117	1.31942	75791
1	2	2	8	8	128	309	1.31968	75776
1	2	3	8	2	8	42	0.638574	156599
1	2	3	8	2	32	90	0.642872	155552
1	2	3	8	2	128	282	0.642872	155552
1	2	3	8	4	8	54	1.01856	98178
1	2	3	8	4	32	102	1.15843	86324
1	2	3	8	4	128	294	1.15843	86324
1	2	3	8	8	8	78	1.05639	94662
1	2	3	8	8	32	126	1.31959	75781
1	2	3	8	8	128	318	1.31966	75777
1	3	1	8	2	8	39	0.617318	161991
1	3	1	8	2	32	87	0.619302	161472
1	3	1	8	2	128	279	0.619302	161472
1	3	1	8	4	8	49	1.01414	98606
1	3	1	8	4	32	97	1.12647	88773
1	3	1	8	4	128	289	1.12647	88773
1	3	1	8	8	8	69	1.05493	94793
1	3	1	8	8	32	117	1.31397	76105
1	3	1	8	8	128	309	1.31416	76094
1	3	2	8	2	8	42	0.637077	156967
1	3	2	8	2	32	90	0.640418	156148
1	3	2	8	2	128	282	0.640418	156148
1	3	2	8	4	8	54	1.01857	98177
1	3	2	8	4	32	102	1.15937	86254
1	3	2	8	4	128	294	1.15937	86254
1	3	2	8	8	8	78	1.0564	94661
1	3	2	8	8	32	126	1.31942	75791
1	3	2	8	8	128	318	1.31968	75776
1	3	3	8	2	8	45	0.638635	156584
1	3	3	8	2	32	93	0.645003	155038
1	3	3	8	2	128	285	0.645003	155038
1	3	3	8	4	8	59	1.01857	98177
1	3	3	8	4	32	107	1.15934	86256
1	3	3	8	4	128	299	1.15934	86256
1	3	3	8	8	8	87	1.0564	94661
1	3	3	8	8	32	135	1.31959	75781
1	3	3	8	8	128	327	1.31966	75777
2	1	1	8	2	8	36	0.932531	107235
2	1	1	8	2	32	84	0.980296	102010
2	1	1	8	2	128	276	0.980296	102010
2	1	1	8	4	8	44	1.11503	89684
2	1	1	8	4	32	92	1.82242	54872
2	1	1	8	4	128	284	1.82242	54872
2	1	1	8	8	8	60	1.11813	89435
2	1	1	8	8	32	108	2.42025	41318
2	1	1	8	8	128	300	2.49054	40152
2	1	2	8	2	8	39	0.982453	101786
2	1	2	8	2	32	87	1.05747	94565
2	1	2	8	2	128	279	1.05747	94565
2	1	2	8	4	8	49	1.12142	89173
2	1	2	8	4	32	97	1.95557	51136
2	1	2	8	4	128	289	1.95557	51136
2	1	2	8	8	8	69	1.12142	89173
2	1	2	8	8	32	117	2.45471	40738
2	1	2	8	8	128	309	2.52525	39600
2	1	3	8	2	8	42	0.986505	101368
2	1	3	8	2	32	90	1.08657	92033
2	1	3	8	2	128	282	1.08657	92033
2	1	3	8	4	8	54	1.12153	89164
2	1	3	8	4	32	102	1.96483	50895
2	1	3	8	4	128	294	1.96502	50890
2	1	3	8	8	8	78	1.12153	89164
2	1	3	8	8	32	126	2.46761	40525
2	1	3	8	8	128	318	2.53717	39414
2	2	1	8	2	8	39	0.987342	101282
2	2	1	8	2	32	87	1.04954	95280
2	2	1	8	2	128	279	1.04954	95280
2	2	1	8	4	8	49	1.12137	89177
2	2	1	8	4	32	97	1.91729	52157
2	2	1	8	4	128	289	1.91729	52157
2	2	1	8	8	8	69	1.12328	89025
2	2	1	8	8	32	117	2.44996	40817
2	2	1	8	8	128	309	2.52729	39568
2	2	2	8	2	8	42	1.04282	95894
2	2	2	8	2	32	90	1.13884	87809
2	2	2	8	2	128	282	1.13884	87809
2	2	2	8	4	8	54	1.12682	88745
2	2	2	8	4	32	102	2.0483	48821
2	2	2	8	4	128	294	2.04939	48795
2	2	2	8	8	8	78	1.12682	88745
2	2	2	8	8	32	126	2.4965	40056
2	2	2	8	8	128	318	2.5935	38558
2	2	3	8	2	8	45	1.04675	95534
2	2	3	8	2	32	93	1.17253	85286
2	2	3	8	2	128	285	1.17253	85286
2	2	3	8	4	8	59	1.12694	88736
2	2	3	8	4	32	107	2.05944	48557
2	2	3	8	4	128	299	2.0622	48492
2	2	3	8	8	8	87	1.12694	88736
2	2	3	8	8	32	135	2.50985	39843
2	2	3	8	8	128	327	2.60362	38408
2	3	1	8	2	8	42	0.987342	101282
2	3	1	8	2	32	90	1.0554	94751
2	3	1	8	2	128	282	1.0554	94751
2	3	1	8	4	8	54	1.12158	89160
2	3	1	8	4	32	102	1.91641	52181
2	3	1	8	4	128	294	1.91641	52181
2	3	1	8	8	8	78	1.12349	89008
2	3	1	8	8	32	126	2.44996	40817
2	3	1	8	8	128	318	2.52729	39568
2	3	2	8	2	8	45	1.04282	95894
2	3	2	8	2	32	93	1.14582	87274
2	3	2	8	2	128	285	1.14582	87274
2	3	2	8	4	8	59	1.12703	88729
2	3	2	8	4	32	107	2.05812	48588
2	3	2	8	4	128	299	2.06403	48449
2	3	2	8	8	8	87	1.12703	88729
2	3	2	8	8	32	135	2.49725	40044
2	3	2	8	8	128	327	2.60539	38382
2	3	3	8	2	8	48	1.04676	95533
2	3	3	8	2	32	96	1.18412	84451
2	3	3	8	2	128	288	1.18412	84451
2	3	3	8	4	8	64	1.12731	88707
2	3	3	8	4	32	112	2.06971	48316
2	3	3	8	4	128	304	2.0842	47980
2	3	3	8	8	8	96	1.12731	88707
2	3	3	8	8	32	144	2.51067	39830
2	3	3	8	8	128	336	2.62034	38163
3	1	1	8	2	8	39	1.00375	99626
3	1	1	8	2	32	87	1.213	82440
3	1	1	8	2	128	279	1.213	82440
3	1	1	8	4	8	49	1.1284	88621
3	1	1	8	4	32	97	2.23829	44677
3	1	1	8	4	128	289	2.26326	44184
3	1	1	8	8	8	69	1.13132	88392
3	1	1	8	8	32	117	2.70995	36901
3	1	1	8	8	128	309	3.35999	29762
3	1	2	8	2	8	42	1.0636	94020
3	1	2	8	2	32	90	1.40469	71190
3	1	2	8	2	128	282	1.40469	71190
3	1	2	8	4	8	54	1.13692	87957
3	1	2	8	4	32	102	2.45002	40816
3	1	2	8	4	128	294	2.54505	39292
3	1	2	8	8	8	78	1.13692	87957
3	1	2	8	8	32	126	2.75088	36352
3	1	2	8	8	128	318	3.47198	28802
3	1	3	8	2	8	45	1.06766	93663
3	1	3	8	2	32	93	1.46026	68481
3	1	3	8	2	128	285	1.46026	68481
3	1	3	8	4	8	59	1.13704	87948
3	1	3	8	4	32	107	2.4739	40422
3	1	3	8	4	128	299	2.57646	38813
3	1	3	8	8	8	87	1.13704	87948
3	1	3	8	8	32	135	2.75323	36321
3	1	3	8	8	128	327	3.49944	28576
3	2	1	8	2	8	42	1.06171	94188
3	2	1	8	2	32	90	1.33862	74704
3	2	1	8	2	128	282	1.33862	74704
3	2	1	8	4	8	54	1.13555	88063
3	2	1	8	4	32	102	2.45351	40758
3	2	1	8	4	128	294	2.49513	40078
3	2	1	8	8	8	78	1.13727	87930
3	2	1	8	8	32	126	2.77231	36071
3	2	1	8	8	128	318	3.5137	28460
3	2	2	8	2	8	45	1.12799	88653
3	2	2	8	2	32	93	1.57811	63367
3	2	2	8	2	128	285	1.57811	63367
3	2	2	8	4	8	59	1.14314	87478
3	2	2	8	4	32	107	2.66923	37464
3	2	2	8	4	128	299	2.82247	35430
3	2	2	8	8	8	87	1.14314	87478
3	2	2	8	8	32	135	2.83487	35275
3	2	2	8	8	128	327	3.70439	26995
3	2	3	8	2	8	48	1.13184	88352
3	2	3	8	2	32	96	1.64693	60719
3	2	3	8	2	128	288	1.64693	60719
3	2	3	8	4	8	64	1.14326	87469
3	2	3	8	4	32	112	2.69876	37054
3	2	3	8	4	128	304	2.865	34904
3	2	3	8	8	8	96	1.14326	87469
3	2	3	8	8	32	144	2.83889	35225
3	2	3	8	8	128	336	3.73608	26766
3	3	1	8	2	8	45	1.0619	94171
3	3	1	8	2	32	93	1.35382	73865
3	3	1	8	2	128	285	1.35382	73865
3	3	1	8	4	8	59	1.13577	88046
3	3	1	8	4	32	107	2.45561	40723
3	3	1	8	4	128	299	2.50038	39994
3	3	1	8	8	8	87	1.13749	87913
3	3	1	8	8	32	135	2.77024	36098
3	3	1	8	8	128	327	3.51383	28459
3	3	2	8	2	8	48	1.12821	88636
3	3	2	8	2	32	96	1.60272	62394
3	3	2	8	2	128	288	1.60272	62394
3	3	2	8	4	8	64	1.14335	87462
3	3	2	8	4	32	112	2.68442	37252
3	3	2	8	4	128	304	2.84406	35161
3	3	2	8	8	8	96	1.14335	87462
3	3	2	8	8	32	144	2.83833	35232
3	3	2	8	8	128	336	3.73246	26792
3	3	3	8	2	8	51	1.13207	88334
3	3	3	8	2	32	99	1.68095	59490
3	3	3	8	2	128	291	1.68095	59490
3	3	3	8	4	8	69	1.14347	87453
3	3	3	8	4	32	117	2.71378	36849
3	3	3	8	4	128	309	2.90799	34388
3	3	3	8	8	8	105	1.14347	87453
3	3	3	8	8	32	153	2.84131	35195
3	3	3	8	8	128	345	3.77743	26473
