1	1	1	2	2	8	27	0.624918	160021
1	1	1	2	2	32	75	0.625614	159843
1	1	1	2	2	128	267	0.625614	159843
1	1	1	2	4	8	33	1.00514	99489
1	1	1	2	4	32	81	1.1436	87443
1	1	1	2	4	128	273	1.1436	87443
1	1	1	2	8	8	45	1.04702	95509
1	1	1	2	8	32	93	1.44883	69021
1	1	1	2	8	128	285	1.45349	68800
1	1	2	2	2	8	30	0.672395	148722
1	1	2	2	2	32	78	0.67856	147371
1	1	2	2	2	128	270	0.67856	147371
1	1	2	2	4	8	38	1.02288	97763
1	1	2	2	4	32	86	1.21096	82579
1	1	2	2	4	128	278	1.21101	82576
1	1	2	2	8	8	54	1.055	94787
1	1	2	2	8	32	102	1.46662	68184
1	1	2	2	8	128	294	1.47997	67569
1	1	3	2	2	8	33	0.676906	147731
1	1	3	2	2	32	81	0.685561	145866
1	1	3	2	2	128	273	0.685561	145866
1	1	3	2	4	8	43	1.02289	97762
1	1	3	2	4	32	91	1.21999	81968
1	1	3	2	4	128	283	1.22072	81919
1	1	3	2	8	8	63	1.05501	94786
1	1	3	2	8	32	111	1.46696	68168
1	1	3	2	8	128	303	1.48232	67462
1	2	1	2	2	8	30	0.640283	156181
1	2	1	2	2	32	78	0.644945	155052
1	2	1	2	2	128	270	0.644945	155052
1	2	1	2	4	8	38	1.01041	98970
1	2	1	2	4	32	86	1.16791	85623
1	2	1	2	4	128	278	1.16791	85623
1	2	1	2	8	8	54	1.0497	95265
1	2	1	2	8	32	102	1.46304	68351
1	2	1	2	8	128	294	1.46677	68177
1	2	2	2	2	8	33	0.694637	143960
1	2	2	2	2	32	81	0.705423	141759
1	2	2	2	2	128	273	0.705423	141759
1	2	2	2	4	8	43	1.02852	97227
1	2	2	2	4	32	91	1.2427	80470
1	2	2	2	4	128	283	1.24282	80462
1	2	2	2	8	8	63	1.05675	94630
1	2	2	2	8	32	111	1.47896	67615
1	2	2	2	8	128	303	1.49943	66692
1	2	3	2	2	8	36	0.699751	142908
1	2	3	2	2	32	84	0.71284	140284
1	2	3	2	2	128	276	0.71284	140284
1	2	3	2	4	8	48	1.02853	97226
1	2	3	2	4	32	96	1.25261	79833
1	2	3	2	4	128	288	1.25346	79779
1	2	3	2	8	8	72	1.05676	94629
1	2	3	2	8	32	120	1.48124	67511
1	2	3	2	8	128	312	1.50004	66665
1	3	1	2	2	8	33	0.6411	155982
1	3	1	2	2	32	81	0.647769	154376
1	3	1	2	2	128	273	0.647769	154376
1	3	1	2	4	8	43	1.01041	98970
1	3	1	2	4	32	91	1.17243	85293
1	3	1	2	4	128	283	1.17272	85272
1	3	1	2	8	8	63	1.0497	95265
1	3	1	2	8	32	111	1.46306	68350
1	3	1	2	8	128	303	1.46748	68144
1	3	2	2	2	8	36	0.695599	143761
1	3	2	2	2	32	84	0.709703	140904
1	3	2	2	2	128	276	0.709703	140904
1	3	2	2	4	8	48	1.02852	97227
1	3	2	2	4	32	96	1.25061	79961
1	3	2	2	4	128	288	1.25105	79933
1	3	2	2	8	8	72	1.05675	94630
1	3	2	2	8	32	120	1.48093	67525
1	3	2	2	8	128	312	1.50017	66659
1	3	3	2	2	8	39	0.70082	142690
1	3	3	2	2	32	87	0.718159	139245
1	3	3	2	2	128	279	0.718159	139245
1	3	3	2	4	8	53	1.02853	97226
1	3	3	2	4	32	101	1.26207	79235
1	3	3	2	4	128	293	1.26325	79161
1	3	3	2	8	8	81	1.05676	94629
1	3	3	2	8	32	129	1.48126	67510
1	3	3	2	8	128	321	1.50078	66632
2	1	1	2	2	8	30	0.855527	116887
2	1	1	2	2	32	78	0.887485	112678
2	1	1	2	2	128	270	0.887485	112678
2	1	1	2	4	8	38	1.07924	92658
2	1	1	2	4	32	86	1.6057	62278
2	1	1	2	4	128	278	1.60689	62232
2	1	1	2	8	8	54	1.09067	91687
2	1	1	2	8	32	102	1.83719	54431
2	1	1	2	8	128	294	1.88573	53030
2	1	2	2	2	8	33	0.984523	101572
2	1	2	2	2	32	81	1.10107	90821
2	1	2	2	2	128	273	1.10107	90821
2	1	2	2	4	8	43	1.09891	90999
2	1	2	2	4	32	91	1.79453	55725
2	1	2	2	4	128	283	1.85767	53831
2	1	2	2	8	8	63	1.10196	90747
2	1	2	2	8	32	111	1.85408	53935
2	1	2	2	8	128	303	1.88608	53020
2	1	3	2	2	8	36	0.995421	100460
2	1	3	2	2	32	84	1.1441	87405
2	1	3	2	2	128	276	1.1441	87405
2	1	3	2	4	8	48	1.09897	90994
2	1	3	2	4	32	96	1.80028	55547
2	1	3	2	4	128	288	1.8623	53697
2	1	3	2	8	8	72	1.10203	90742
2	1	3	2	8	32	120	1.85711	53847
2	1	3	2	8	128	312	1.88612	53019
2	2	1	2	2	8	33	0.881376	113459
2	2	1	2	2	32	81	0.928479	107703
2	2	1	2	2	128	273	0.928479	107703
2	2	1	2	4	8	43	1.08528	92142
2	2	1	2	4	32	91	1.65728	60340
2	2	1	2	4	128	283	1.6595	60259
2	2	1	2	8	8	63	1.09394	91413
2	2	1	2	8	32	111	1.8405	54333
2	2	1	2	8	128	303	1.88718	52989
2	2	2	2	2	8	36	1.02911	97171
2	2	2	2	2	32	84	1.18332	84508
2	2	2	2	2	128	276	1.18332	84508
2	2	2	2	4	8	48	1.10433	90553
2	2	2	2	4	32	96	1.84064	54329
2	2	2	2	4	128	288	1.87283	53395
2	2	2	2	8	8	72	1.10433	90553
2	2	2	2	8	32	120	1.85739	53839
2	2	2	2	8	128	312	1.88722	52988
2	2	3	2	2	8	39	1.04505	95689
2	2	3	2	2	32	87	1.23257	81131
2	2	3	2	2	128	279	1.23257	81131
2	2	3	2	4	8	53	1.10439	90548
2	2	3	2	4	32	101	1.84461	54212
2	2	3	2	4	128	293	1.87603	53304
2	2	3	2	8	8	81	1.10439	90548
2	2	3	2	8	32	129	1.86043	53751
2	2	3	2	8	128	321	1.88722	52988
2	3	1	2	2	8	36	0.88358	113176
2	3	1	2	2	32	84	0.937286	106691
2	3	1	2	2	128	276	0.937286	106691
2	3	1	2	4	8	48	1.08528	92142
2	3	1	2	4	32	96	1.66376	60105
2	3	1	2	4	128	288	1.67358	59752
2	3	1	2	8	8	72	1.09394	91413
2	3	1	2	8	32	120	1.8405	54333
2	3	1	2	8	128	312	1.88718	52989
2	3	2	2	2	8	39	1.03315	96791
2	3	2	2	2	32	87	1.20086	83274
2	3	2	2	2	128	279	1.20086	83274
2	3	2	2	4	8	53	1.10433	90553
2	3	2	2	4	32	101	1.84142	54306
2	3	2	2	4	128	293	1.87396	53363
2	3	2	2	8	8	81	1.10433	90553
2	3	2	2	8	32	129	1.85739	53839
2	3	2	2	8	128	321	1.88722	52988
2	3	3	2	2	8	42	1.04946	95287
2	3	3	2	2	32	90	1.2545	79713
2	3	3	2	2	128	282	1.2545	79713
2	3	3	2	4	8	58	1.10439	90548
2	3	3	2	4	32	106	1.84526	54193
2	3	3	2	4	128	298	1.87684	53281
2	3	3	2	8	8	90	1.10439	90548
2	3	3	2	8	32	138	1.86043	53751
2	3	3	2	8	128	330	1.88722	52988
3	1	1	2	2	8	33	0.885214	112967
3	1	1	2	2	32	81	0.987333	101283
3	1	1	2	2	128	273	0.987333	101283
3	1	1	2	4	8	43	1.07981	92609
3	1	1	2	4	32	91	1.68916	59201
3	1	1	2	4	128	283	1.71996	58141
3	1	1	2	8	8	63	1.09107	91653
3	1	1	2	8	32	111	1.838	54407
3	1	1	2	8	128	303	1.88612	53019
3	1	2	2	2	8	36	1.03537	96584
3	1	2	2	2	32	84	1.34755	74209
3	1	2	2	2	128	276	1.34755	74209
3	1	2	2	4	8	48	1.09951	90950
3	1	2	2	4	32	96	1.82522	54788
3	1	2	2	4	128	288	1.8821	53132
3	1	2	2	8	8	72	1.10238	90713
3	1	2	2	8	32	120	1.85487	53912
3	1	2	2	8	128	312	1.88626	53015
3	1	3	2	2	8	39	1.04661	95547
3	1	3	2	2	32	87	1.4419	69353
3	1	3	2	2	128	279	1.44248	69325
3	1	3	2	4	8	53	1.09957	90945
3	1	3	2	4	32	101	1.82825	54697
3	1	3	2	4	128	293	1.88239	53124
3	1	3	2	8	8	81	1.10244	90708
3	1	3	2	8	32	129	1.85784	53826
3	1	3	2	8	128	321	1.88626	53015
3	2	1	2	2	8	36	0.913417	109479
3	2	1	2	2	32	84	1.04204	95966
3	2	1	2	2	128	276	1.04204	95966
3	2	1	2	4	8	48	1.08553	92121
3	2	1	2	4	32	96	1.73442	57656
3	2	1	2	4	128	288	1.77582	56312
3	2	1	2	8	8	72	1.09419	91392
3	2	1	2	8	32	120	1.84132	54309
3	2	1	2	8	128	312	1.88726	52987
3	2	2	2	2	8	39	1.08476	92186
3	2	2	2	2	32	87	1.4792	67604
3	2	2	2	2	128	279	1.4792	67604
3	2	2	2	4	8	53	1.10456	90534
3	2	2	2	4	32	101	1.85732	53841
3	2	2	2	4	128	293	1.88726	52987
3	2	2	2	8	8	81	1.10456	90534
3	2	2	2	8	32	129	1.85815	53817
3	2	2	2	8	128	321	1.88726	52987
3	2	3	2	2	8	42	1.09853	91031
3	2	3	2	2	32	90	1.59793	62581
3	2	3	2	2	128	282	1.59903	62538
3	2	3	2	4	8	58	1.10462	90529
3	2	3	2	4	32	106	1.8604	53752
3	2	3	2	4	128	298	1.88726	52987
3	2	3	2	8	8	90	1.10462	90529
3	2	3	2	8	32	138	1.86112	53731
3	2	3	2	8	128	330	1.88726	52987
3	3	1	2	2	8	39	0.91498	109292
3	3	1	2	2	32	87	1.05456	94826
3	3	1	2	2	128	279	1.05456	94826
3	3	1	2	4	8	53	1.08553	92121
3	3	1	2	4	32	101	1.73485	57642
3	3	1	2	4	128	293	1.78852	55912
3	3	1	2	8	8	81	1.09419	91392
3	3	1	2	8	32	129	1.84132	54309
3	3	1	2	8	128	321	1.88726	52987
3	3	2	2	2	8	42	1.08908	91821
3	3	2	2	2	32	90	1.50684	66364
3	3	2	2	2	128	282	1.50684	66364
3	3	2	2	4	8	58	1.10456	90534
3	3	2	2	4	32	106	1.85767	53831
3	3	2	2	4	128	298	1.88726	52987
3	3	2	2	8	8	90	1.10456	90534
3	3	2	2	8	32	138	1.85815	53817
3	3	2	2	8	128	330	1.88726	52987
3	3	3	2	2	8	45	1.10297	90664
3	3	3	2	2	32	93	1.64312	60860
3	3	3	2	2	128	285	1.64463	60804
3	3	3	2	4	8	63	1.10462	90529
3	3	3	2	4	32	111	1.86074	53742
3	3	3	2	4	128	303	1.88726	52987
3	3	3	2	8	8	99	1.10462	90529
3	3	3	2	8	32	147	1.86112	53731
3	3	3	2	8	128	339	1.88726	52987
1	1	1	4	2	8	29	0.624918	160021
1	1	1	4	2	32	77	0.625614	159843
1	1	1	4	2	128	269	0.625614	159843
1	1	1	4	4	8	35	1.01263	98753
1	1	1	4	4	32	83	1.1436	87443
1	1	1	4	4	128	275	1.1436	87443
1	1	1	4	8	8	47	1.05831	94490
1	1	1	4	8	32	95	1.45108	68914
1	1	1	4	8	128	287	1.45353	68798
1	1	2	4	2	8	32	0.672432	148714
1	1	2	4	2	32	80	0.67856	147371
1	1	2	4	2	128	272	0.67856	147371
1	1	2	4	4	8	40	1.03523	96597
1	1	2	4	4	32	88	1.21096	82579
1	1	2	4	4	128	280	1.21101	82576
1	1	2	4	8	8	56	1.06995	93462
1	1	2	4	8	32	104	1.47327	67876
1	1	2	4	8	128	296	1.48001	67567
1	1	3	4	2	8	35	0.677048	147700
1	1	3	4	2	32	83	0.685561	145866
1	1	3	4	2	128	275	0.685561	145866
1	1	3	4	4	8	45	1.03529	96591
1	1	3	4	4	32	93	1.21999	81968
1	1	3	4	4	128	285	1.22072	81919
1	1	3	4	8	8	65	1.07001	93457
1	1	3	4	8	32	113	1.47536	67780
1	1	3	4	8	128	305	1.48236	67460
1	2	1	4	2	8	32	0.640705	156078
1	2	1	4	2	32	80	0.644945	155052
1	2	1	4	2	128	272	0.644945	155052
1	2	1	4	4	8	40	1.01775	98256
1	2	1	4	4	32	88	1.16791	85623
1	2	1	4	4	128	280	1.16791	85623
1	2	1	4	8	8	56	1.06223	94142
1	2	1	4	8	32	104	1.46619	68204
1	2	1	4	8	128	296	1.46681	68175
1	2	2	4	2	8	35	0.695135	143857
1	2	2	4	2	32	83	0.705423	141759
1	2	2	4	2	128	275	0.705423	141759
1	2	2	4	4	8	45	1.04097	96064
1	2	2	4	4	32	93	1.24275	80467
1	2	2	4	4	128	285	1.24282	80462
1	2	2	4	8	8	65	1.07308	93190
1	2	2	4	8	32	113	1.49227	67012
1	2	2	4	8	128	305	1.49948	66690
1	2	3	4	2	8	38	0.700364	142783
1	2	3	4	2	32	86	0.71284	140284
1	2	3	4	2	128	278	0.71284	140284
1	2	3	4	4	8	50	1.04103	96059
1	2	3	4	4	32	98	1.25266	79830
1	2	3	4	4	128	290	1.25346	79779
1	2	3	4	8	8	74	1.07312	93186
1	2	3	4	8	32	122	1.49274	66991
1	2	3	4	8	128	314	1.50008	66663
1	3	1	4	2	8	35	0.64198	155768
1	3	1	4	2	32	83	0.647769	154376
1	3	1	4	2	128	275	0.647769	154376
1	3	1	4	4	8	45	1.0178	98251
1	3	1	4	4	32	93	1.17272	85272
1	3	1	4	4	128	285	1.17272	85272
1	3	1	4	8	8	65	1.06324	94052
1	3	1	4	8	32	113	1.46673	68179
1	3	1	4	8	128	305	1.46757	68140
1	3	2	4	2	8	38	0.696646	143545
1	3	2	4	2	32	86	0.709703	140904
1	3	2	4	2	128	278	0.709703	140904
1	3	2	4	4	8	50	1.04104	96058
1	3	2	4	4	32	98	1.25097	79938
1	3	2	4	4	128	290	1.25105	79933
1	3	2	4	8	8	74	1.07413	93099
1	3	2	4	8	32	122	1.49283	66987
1	3	2	4	8	128	314	1.50026	66655
1	3	3	4	2	8	41	0.701897	142471
1	3	3	4	2	32	89	0.718159	139245
1	3	3	4	2	128	281	0.718159	139245
1	3	3	4	4	8	55	1.04109	96053
1	3	3	4	4	32	103	1.26243	79212
1	3	3	4	4	128	295	1.26325	79161
1	3	3	4	8	8	83	1.07417	93095
1	3	3	4	8	32	131	1.4933	66966
1	3	3	4	8	128	323	1.50087	66628
2	1	1	4	2	8	32	0.857559	116610
2	1	1	4	2	32	80	0.887485	112678
2	1	1	4	2	128	272	0.887485	112678
2	1	1	4	4	8	40	1.08896	91831
2	1	1	4	4	32	88	1.60707	62225
2	1	1	4	4	128	280	1.60707	62225
2	1	1	4	8	8	56	1.10087	90837
2	1	1	4	8	32	104	2.11434	47296
2	1	1	4	8	128	296	2.1993	45469
2	1	2	4	2	8	35	0.988768	101136
2	1	2	4	2	32	83	1.10107	90821
2	1	2	4	2	128	275	1.10107	90821
2	1	2	4	4	8	45	1.11375	89787
2	1	2	4	4	32	93	1.88868	52947
2	1	2	4	4	128	285	1.89265	52836
2	1	2	4	8	8	65	1.1158	89622
2	1	2	4	8	32	113	2.19727	45511
2	1	2	4	8	128	305	2.40842	41521
2	1	3	4	2	8	38	1.00401	99601
2	1	3	4	2	32	86	1.1441	87405
2	1	3	4	2	128	278	1.1441	87405
2	1	3	4	4	8	50	1.11404	89763
2	1	3	4	4	32	98	1.93603	51652
2	1	3	4	4	128	290	1.9453	51406
2	1	3	4	8	8	74	1.1161	89598
2	1	3	4	8	32	122	2.20653	45320
2	1	3	4	8	128	314	2.4309	41137
2	2	1	4	2	8	35	0.885716	112903
2	2	1	4	2	32	83	0.928479	107703
2	2	1	4	2	128	275	0.928479	107703
2	2	1	4	4	8	45	1.0962	91224
2	2	1	4	4	32	93	1.6597	60252
2	2	1	4	4	128	285	1.6597	60252
2	2	1	4	8	8	65	1.10622	90398
2	2	1	4	8	32	113	2.15438	46417
2	2	1	4	8	128	305	2.25494	44347
2	2	2	4	2	8	38	1.03477	96640
2	2	2	4	2	32	86	1.18332	84508
2	2	2	4	2	128	278	1.18332	84508
2	2	2	4	4	8	50	1.12111	89197
2	2	2	4	4	32	98	1.9861	50350
2	2	2	4	4	128	290	1.99434	50142
2	2	2	4	8	8	74	1.12111	89197
2	2	2	4	8	32	122	2.24724	44499
2	2	2	4	8	128	314	2.49813	40030
2	2	3	4	2	8	41	1.05487	94798
2	2	3	4	2	32	89	1.23257	81131
2	2	3	4	2	128	281	1.23257	81131
2	2	3	4	4	8	55	1.12134	89179
2	2	3	4	4	32	103	2.02815	49306
2	2	3	4	4	128	295	2.05166	48741
2	2	3	4	8	8	83	1.12134	89179
2	2	3	4	8	32	131	2.25627	44321
2	2	3	4	8	128	323	2.52334	39630
2	3	1	4	2	8	38	0.887304	112701
2	3	1	4	2	32	86	0.937286	106691
2	3	1	4	2	128	278	0.937286	106691
2	3	1	4	4	8	50	1.09729	91134
2	3	1	4	4	32	98	1.6737	59748
2	3	1	4	4	128	290	1.67378	59745
2	3	1	4	8	8	74	1.10732	90308
2	3	1	4	8	32	122	2.1561	46380
2	3	1	4	8	128	314	2.25749	44297
2	3	2	4	2	8	41	1.03802	96337
2	3	2	4	2	32	89	1.20086	83274
2	3	2	4	2	128	281	1.20086	83274
2	3	2	4	4	8	55	1.12223	89108
2	3	2	4	4	32	103	2.01236	49693
2	3	2	4	4	128	295	2.02224	49450
2	3	2	4	8	8	83	1.12223	89108
2	3	2	4	8	32	131	2.25109	44423
2	3	2	4	8	128	323	2.5113	39820
2	3	3	4	2	8	44	1.0583	94491
2	3	3	4	2	32	92	1.2545	79713
2	3	3	4	2	128	284	1.2545	79713
2	3	3	4	4	8	60	1.12246	89090
2	3	3	4	4	32	108	2.05952	48555
2	3	3	4	4	128	300	2.0886	47879
2	3	3	4	8	8	92	1.12246	89090
2	3	3	4	8	32	140	2.26009	44246
2	3	3	4	8	128	332	2.53743	39410
3	1	1	4	2	8	35	0.891417	112181
3	1	1	4	2	32	83	0.987362	101280
3	1	1	4	2	128	275	0.987362	101280
3	1	1	4	4	8	45	1.09064	91689
3	1	1	4	4	32	93	1.7372	57564
3	1	1	4	4	128	285	1.73765	57549
3	1	1	4	8	8	65	1.10316	90649
3	1	1	4	8	32	113	2.17576	45961
3	1	1	4	8	128	305	2.37676	42074
3	1	2	4	2	8	38	1.04524	95672
3	1	2	4	2	32	86	1.34762	74205
3	1	2	4	2	128	278	1.34762	74205
3	1	2	4	4	8	50	1.11701	89525
3	1	2	4	4	32	98	2.13047	46938
3	1	2	4	4	128	290	2.16174	46259
3	1	2	4	8	8	74	1.11888	89375
3	1	2	4	8	32	122	2.28733	43719
3	1	2	4	8	128	314	2.85861	34982
3	1	3	4	2	8	41	1.06157	94200
3	1	3	4	2	32	89	1.44256	69321
3	1	3	4	2	128	281	1.44256	69321
3	1	3	4	4	8	55	1.11758	89479
3	1	3	4	4	32	103	2.17198	46041
3	1	3	4	4	128	295	2.29326	43606
3	1	3	4	8	8	83	1.11946	89329
3	1	3	4	8	32	131	2.29838	43509
3	1	3	4	8	128	323	2.91265	34333
3	2	1	4	2	8	38	0.922535	108397
3	2	1	4	2	32	86	1.04207	95963
3	2	1	4	2	128	278	1.04207	95963
3	2	1	4	4	8	50	1.09773	91097
3	2	1	4	4	32	98	1.80515	55397
3	2	1	4	4	128	290	1.80662	55352
3	2	1	4	8	8	74	1.10757	90288
3	2	1	4	8	32	122	2.22682	44907
3	2	1	4	8	128	314	2.4529	40768
3	2	2	4	2	8	41	1.09844	91038
3	2	2	4	2	32	89	1.47929	67600
3	2	2	4	2	128	281	1.47929	67600
3	2	2	4	4	8	55	1.12428	88946
3	2	2	4	4	32	103	2.2551	44344
3	2	2	4	4	128	295	2.32191	43068
3	2	2	4	8	8	83	1.12428	88946
3	2	2	4	8	32	131	2.35239	42510
3	2	2	4	8	128	323	3.00707	33255
3	2	3	4	2	8	44	1.11853	89403
3	2	3	4	2	32	92	1.59908	62536
3	2	3	4	2	128	284	1.59913	62534
3	2	3	4	4	8	60	1.12473	88910
3	2	3	4	4	32	108	2.29711	43533
3	2	3	4	4	128	300	2.47617	40385
3	2	3	4	8	8	92	1.12473	88910
3	2	3	4	8	32	140	2.36754	42238
3	2	3	4	8	128	332	3.04146	32879
3	3	1	4	2	8	41	0.924103	108213
3	3	1	4	2	32	89	1.0546	94823
3	3	1	4	2	128	281	1.0546	94823
3	3	1	4	4	8	55	1.09895	90996
3	3	1	4	4	32	103	1.82123	54908
3	3	1	4	4	128	295	1.82375	54832
3	3	1	4	8	8	83	1.10881	90187
3	3	1	4	8	32	131	2.22851	44873
3	3	1	4	8	128	323	2.45616	40714
3	3	2	4	2	8	44	1.10297	90664
3	3	2	4	2	32	92	1.50693	66360
3	3	2	4	2	128	284	1.50693	66360
3	3	2	4	4	8	60	1.12554	88846
3	3	2	4	4	32	108	2.28196	43822
3	3	2	4	4	128	300	2.3672	42244
3	3	2	4	8	8	92	1.12554	88846
3	3	2	4	8	32	140	2.35627	42440
3	3	2	4	8	128	332	3.01169	33204
3	3	3	4	2	8	47	1.12332	89022
3	3	3	4	2	32	95	1.64466	60803
3	3	3	4	2	128	287	1.64474	60800
3	3	3	4	4	8	65	1.126	88810
3	3	3	4	4	32	113	2.32299	43048
3	3	3	4	4	128	305	2.53383	39466
3	3	3	4	8	8	101	1.126	88810
3	3	3	4	8	32	149	2.36995	42195
3	3	3	4	8	128	341	3.04599	32830
1	1	1	8	2	8	33	0.624918	160021
1	1	1	8	2	32	81	0.625614	159843
1	1	1	8	2	128	273	0.625614	159843
1	1	1	8	4	8	39	1.01267	98749
1	1	1	8	4	32	87	1.1436	87443
1	1	1	8	4	128	279	1.1436	87443
1	1	1	8	8	8	51	1.05831	94490
1	1	1	8	8	32	99	1.45108	68914
1	1	1	8	8	128	291	1.45353	68798
1	1	2	8	2	8	36	0.672432	148714
1	1	2	8	2	32	84	0.67856	147371
1	1	2	8	2	128	276	0.67856	147371
1	1	2	8	4	8	44	1.03536	96585
1	1	2	8	4	32	92	1.21096	82579
1	1	2	8	4	128	284	1.21101	82576
1	1	2	8	8	8	60	1.07006	93453
1	1	2	8	8	32	108	1.47517	67789
1	1	2	8	8	128	300	1.48001	67567
1	1	3	8	2	8	39	0.677048	147700
1	1	3	8	2	32	87	0.685561	145866
1	1	3	8	2	128	279	0.685561	145866
1	1	3	8	4	8	49	1.03542	96579
1	1	3	8	4	32	97	1.21999	81968
1	1	3	8	4	128	289	1.22072	81919
1	1	3	8	8	8	69	1.07011	93448
1	1	3	8	8	32	117	1.47732	67690
1	1	3	8	8	128	309	1.48236	67460
1	2	1	8	2	8	36	0.640705	156078
1	2	1	8	2	32	84	0.644945	155052
1	2	1	8	2	128	276	0.644945	155052
1	2	1	8	4	8	44	1.01779	98252
1	2	1	8	4	32	92	1.16791	85623
1	2	1	8	4	128	284	1.16791	85623
1	2	1	8	8	8	60	1.06224	94141
1	2	1	8	8	32	108	1.46621	68203
1	2	1	8	8	128	300	1.46681	68175
1	2	2	8	2	8	39	0.695135	143857
1	2	2	8	2	32	87	0.705423	141759
1	2	2	8	2	128	279	0.705423	141759
1	2	2	8	4	8	49	1.04108	96054
1	2	2	8	4	32	97	1.24275	80467
1	2	2	8	4	128	289	1.24282	80462
1	2	2	8	8	8	69	1.07318	93181
1	2	2	8	8	32	117	1.49425	66923
1	2	2	8	8	128	309	1.49948	66690
1	2	3	8	2	8	42	0.700364	142783
1	2	3	8	2	32	90	0.71284	140284
1	2	3	8	2	128	282	0.71284	140284
1	2	3	8	4	8	54	1.04114	96049
1	2	3	8	4	32	102	1.25266	79830
1	2	3	8	4	128	294	1.25346	79779
1	2	3	8	8	8	78	1.07323	93177
1	2	3	8	8	32	126	1.49671	66813
1	2	3	8	8	128	318	1.50008	66663
1	3	1	8	2	8	39	0.64198	155768
1	3	1	8	2	32	87	0.647769	154376
1	3	1	8	2	128	279	0.647769	154376
1	3	1	8	4	8	49	1.01784	98247
1	3	1	8	4	32	97	1.17272	85272
1	3	1	8	4	128	289	1.17272	85272
1	3	1	8	8	8	69	1.06325	94051
1	3	1	8	8	32	117	1.46675	68178
1	3	1	8	8	128	309	1.46757	68140
1	3	2	8	2	8	42	0.696646	143545
1	3	2	8	2	32	90	0.709703	140904
1	3	2	8	2	128	282	0.709703	140904
1	3	2	8	4	8	54	1.04115	96048
1	3	2	8	4	32	102	1.25097	79938
1	3	2	8	4	128	294	1.25105	79933
1	3	2	8	8	8	78	1.07423	93090
1	3	2	8	8	32	126	1.49481	66898
1	3	2	8	8	128	318	1.50026	66655
1	3	3	8	2	8	45	0.701897	142471
1	3	3	8	2	32	93	0.718159	139245
1	3	3	8	2	128	285	0.718159	139245
1	3	3	8	4	8	59	1.0412	96043
1	3	3	8	4	32	107	1.26243	79212
1	3	3	8	4	128	299	1.26325	79161
1	3	3	8	8	8	87	1.07428	93086
1	3	3	8	8	32	135	1.49727	66788
1	3	3	8	8	128	327	1.50087	66628
2	1	1	8	2	8	36	0.857559	116610
2	1	1	8	2	32	84	0.887485	112678
2	1	1	8	2	128	276	0.887485	112678
2	1	1	8	4	8	44	1.08915	91815
2	1	1	8	4	32	92	1.60707	62225
2	1	1	8	4	128	284	1.60707	62225
2	1	1	8	8	8	60	1.10126	90805
2	1	1	8	8	32	108	2.12229	47119
2	1	1	8	8	128	300	2.19935	45468
2	1	2	8	2	8	39	0.988816	101131
2	1	2	8	2	32	87	1.10107	90821
2	1	2	8	2	128	279	1.10107	90821
2	1	2	8	4	8	49	1.11402	89765
2	1	2	8	4	32	97	1.88875	52945
2	1	2	8	4	128	289	1.89265	52836
2	1	2	8	8	8	69	1.11608	89599
2	1	2	8	8	32	117	2.22237	44997
2	1	2	8	8	128	309	2.40865	41517
2	1	3	8	2	8	42	1.00406	99596
2	1	3	8	2	32	90	1.1441	87405
2	1	3	8	2	128	282	1.1441	87405
2	1	3	8	4	8	54	1.11432	89741
2	1	3	8	4	32	102	1.93667	51635
2	1	3	8	4	128	294	1.9453	51406
2	1	3	8	8	8	78	1.11638	89575
2	1	3	8	8	32	126	2.2313	44817
2	1	3	8	8	128	318	2.4312	41132
2	2	1	8	2	8	39	0.885716	112903
2	2	1	8	2	32	87	0.928479	107703
2	2	1	8	2	128	279	0.928479	107703
2	2	1	8	4	8	49	1.0964	91208
2	2	1	8	4	32	97	1.6597	60252
2	2	1	8	4	128	289	1.6597	60252
2	2	1	8	8	8	69	1.10662	90365
2	2	1	8	8	32	117	2.16577	46173
2	2	1	8	8	128	309	2.25499	44346
2	2	2	8	2	8	42	1.0348	96637
2	2	2	8	2	32	90	1.18332	84508
2	2	2	8	2	128	282	1.18332	84508
2	2	2	8	4	8	54	1.12139	89175
2	2	2	8	4	32	102	1.98637	50343
2	2	2	8	4	128	294	1.99434	50142
2	2	2	8	8	8	78	1.12139	89175
2	2	2	8	8	32	126	2.27216	44011
2	2	2	8	8	128	318	2.49838	40026
2	2	3	8	2	8	45	1.05492	94794
2	2	3	8	2	32	93	1.23257	81131
2	2	3	8	2	128	285	1.23257	81131
2	2	3	8	4	8	59	1.12162	89157
2	2	3	8	4	32	107	2.0293	49278
2	2	3	8	4	128	299	2.05166	48741
2	2	3	8	8	8	87	1.12162	89157
2	2	3	8	8	32	135	2.28066	43847
2	2	3	8	8	128	327	2.52366	39625
2	3	1	8	2	8	42	0.887304	112701
2	3	1	8	2	32	90	0.937286	106691
2	3	1	8	2	128	282	0.937286	106691
2	3	1	8	4	8	54	1.09748	91118
2	3	1	8	4	32	102	1.6737	59748
2	3	1	8	4	128	294	1.67378	59745
2	3	1	8	8	8	78	1.10773	90275
2	3	1	8	8	32	126	2.1675	46136
2	3	1	8	8	128	318	2.25754	44296
2	3	2	8	2	8	45	1.03804	96335
2	3	2	8	2	32	93	1.20086	83274
2	3	2	8	2	128	285	1.20086	83274
2	3	2	8	4	8	59	1.12251	89086
2	3	2	8	4	32	107	2.01337	49668
2	3	2	8	4	128	299	2.02224	49450
2	3	2	8	8	8	87	1.12251	89086
2	3	2	8	8	32	135	2.2779	43900
2	3	2	8	8	128	327	2.51155	39816
2	3	3	8	2	8	48	1.05835	94487
2	3	3	8	2	32	96	1.2545	79713
2	3	3	8	2	128	288	1.2545	79713
2	3	3	8	4	8	64	1.12274	89068
2	3	3	8	4	32	112	2.06105	48519
2	3	3	8	4	128	304	2.0886	47879
2	3	3	8	8	8	96	1.12274	89068
2	3	3	8	8	32	144	2.2866	43733
2	3	3	8	8	128	336	2.53775	39405
3	1	1	8	2	8	39	0.891607	112157
3	1	1	8	2	32	87	0.987372	101279
3	1	1	8	2	128	279	0.987372	101279
3	1	1	8	4	8	49	1.09104	91656
3	1	1	8	4	32	97	1.73741	57557
3	1	1	8	4	128	289	1.73768	57548
3	1	1	8	8	8	69	1.10462	90529
3	1	1	8	8	32	117	2.19409	45577
3	1	1	8	8	128	309	2.37688	42072
3	1	2	8	2	8	42	1.04564	95635
3	1	2	8	2	32	90	1.34764	74204
3	1	2	8	2	128	282	1.34764	74204
3	1	2	8	4	8	54	1.11734	89498
3	1	2	8	4	32	102	2.1337	46867
3	1	2	8	4	128	294	2.16174	46259
3	1	2	8	8	8	78	1.11923	89347
3	1	2	8	8	32	126	2.33024	42914
3	1	2	8	8	128	318	2.86328	34925
3	1	3	8	2	8	45	1.06183	94177
3	1	3	8	2	32	93	1.44259	69320
3	1	3	8	2	128	285	1.44259	69320
3	1	3	8	4	8	59	1.11794	89450
3	1	3	8	4	32	107	2.18145	45841
3	1	3	8	4	128	299	2.29326	43606
3	1	3	8	8	8	87	1.11983	89299
3	1	3	8	8	32	135	2.34115	42714
3	1	3	8	8	128	327	2.93738	34044
3	2	1	8	2	8	42	0.923421	108293
3	2	1	8	2	32	90	1.04208	95962
3	2	1	8	2	128	282	1.04208	95962
3	2	1	8	4	8	54	1.09813	91064
3	2	1	8	4	32	102	1.80551	55386
3	2	1	8	4	128	294	1.80668	55350
3	2	1	8	8	8	78	1.10905	90167
3	2	1	8	8	32	126	2.24145	44614
3	2	1	8	8	128	318	2.45302	40766
3	2	2	8	2	8	45	1.09889	91001
3	2	2	8	2	32	93	1.47931	67599
3	2	2	8	2	128	285	1.47931	67599
3	2	2	8	4	8	59	1.12462	88919
3	2	2	8	4	32	107	2.26239	44201
3	2	2	8	4	128	299	2.32202	43066
3	2	2	8	8	8	87	1.12462	88919
3	2	2	8	8	32	135	2.39475	41758
3	2	2	8	8	128	327	3.04395	32852
3	2	3	8	2	8	48	1.11882	89380
3	2	3	8	2	32	96	1.5991	62535
3	2	3	8	2	128	288	1.59916	62533
3	2	3	8	4	8	64	1.12511	88880
3	2	3	8	4	32	112	2.31364	43222
3	2	3	8	4	128	304	2.47629	40383
3	2	3	8	8	8	96	1.12511	88880
3	2	3	8	8	32	144	2.40529	41575
3	2	3	8	8	128	336	3.1251	31999
3	3	1	8	2	8	45	0.924992	108109
3	3	1	8	2	32	93	1.05461	94822
3	3	1	8	2	128	285	1.05461	94822
3	3	1	8	4	8	59	1.09935	90963
3	3	1	8	4	32	107	1.82202	54884
3	3	1	8	4	128	299	1.82382	54830
3	3	1	8	8	8	87	1.1103	90066
3	3	1	8	8	32	135	2.24366	44570
3	3	1	8	8	128	327	2.45628	40712
3	3	2	8	2	8	48	1.10342	90627
3	3	2	8	2	32	96	1.50695	66359
3	3	2	8	2	128	288	1.50695	66359
3	3	2	8	4	8	64	1.12589	88819
3	3	2	8	4	32	112	2.29626	43549
3	3	2	8	4	128	304	2.36731	42242
3	3	2	8	8	8	96	1.12589	88819
3	3	2	8	8	32	144	2.40148	41641
3	3	2	8	8	128	336	3.06147	32664
3	3	3	8	2	8	51	1.12361	88999
3	3	3	8	2	32	99	1.64468	60802
3	3	3	8	2	128	291	1.64476	60799
3	3	3	8	4	8	69	1.12638	88780
3	3	3	8	4	32	117	2.34824	42585
3	3	3	8	4	128	309	2.53396	39464
3	3	3	8	8	8	105	1.12638	88780
3	3	3	8	8	32	153	2.41225	41455
3	3	3	8	8	128	345	3.14673	31779
