1	1	1	2	2	8	27	0.635679	157312
1	1	1	2	2	32	75	0.636011	157230
1	1	1	2	2	128	267	0.636011	157230
1	1	1	2	4	8	33	0.978675	102179
1	1	1	2	4	32	81	1.10047	90870
1	1	1	2	4	128	273	1.10047	90870
1	1	1	2	8	8	45	1.02201	97846
1	1	1	2	8	32	93	1.31444	76078
1	1	1	2	8	128	285	1.34273	74475
1	1	2	2	2	8	30	0.680986	146846
1	1	2	2	2	32	78	0.68435	146124
1	1	2	2	2	128	270	0.68435	146124
1	1	2	2	4	8	38	0.992142	100792
1	1	2	2	4	32	86	1.16519	85823
1	1	2	2	4	128	278	1.16519	85823
1	1	2	2	8	8	54	1.02855	97224
1	1	2	2	8	32	102	1.31659	75954
1	1	2	2	8	128	294	1.34273	74475
1	1	3	2	2	8	33	0.684374	146119
1	1	3	2	2	32	81	0.689969	144934
1	1	3	2	2	128	273	0.689969	144934
1	1	3	2	4	8	43	0.992477	100758
1	1	3	2	4	32	91	1.16447	85876
1	1	3	2	4	128	283	1.16447	85876
1	1	3	2	8	8	63	1.02891	97190
1	1	3	2	8	32	111	1.31659	75954
1	1	3	2	8	128	303	1.34273	74475
1	2	1	2	2	8	30	0.6425	155642
1	2	1	2	2	32	78	0.646688	154634
1	2	1	2	2	128	270	0.646688	154634
1	2	1	2	4	8	38	0.978713	102175
1	2	1	2	4	32	86	1.13541	88074
1	2	1	2	4	128	278	1.1414	87612
1	2	1	2	8	8	54	1.02201	97846
1	2	1	2	8	32	102	1.31468	76064
1	2	1	2	8	128	294	1.43025	69918
1	2	2	2	2	8	33	0.689322	145070
1	2	2	2	2	32	81	0.700437	142768
1	2	2	2	2	128	273	0.700437	142768
1	2	2	2	4	8	43	0.993838	100620
1	2	2	2	4	32	91	1.19536	83657
1	2	2	2	4	128	283	1.20893	82718
1	2	2	2	8	8	63	1.02862	97218
1	2	2	2	8	32	111	1.31683	75940
1	2	2	2	8	128	303	1.43025	69918
1	2	3	2	2	8	36	0.693635	144168
1	2	3	2	2	32	84	0.707819	141279
1	2	3	2	2	128	276	0.707819	141279
1	2	3	2	4	8	48	0.994263	100577
1	2	3	2	4	32	96	1.19427	83733
1	2	3	2	4	128	288	1.20831	82760
1	2	3	2	8	8	72	1.02898	97184
1	2	3	2	8	32	120	1.31683	75940
1	2	3	2	8	128	312	1.43025	69918
1	3	1	2	2	8	33	0.642636	155609
1	3	1	2	2	32	81	0.651606	153467
1	3	1	2	2	128	273	0.651606	153467
1	3	1	2	4	8	43	0.978713	102175
1	3	1	2	4	32	91	1.13541	88074
1	3	1	2	4	128	283	1.17173	85344
1	3	1	2	8	8	63	1.02201	97846
1	3	1	2	8	32	111	1.31468	76064
1	3	1	2	8	128	303	1.4865	67272
1	3	2	2	2	8	36	0.689479	145037
1	3	2	2	2	32	84	0.706299	141583
1	3	2	2	2	128	276	0.706299	141583
1	3	2	2	4	8	48	0.993838	100620
1	3	2	2	4	32	96	1.19546	83650
1	3	2	2	4	128	288	1.24312	80443
1	3	2	2	8	8	72	1.02862	97218
1	3	2	2	8	32	120	1.31695	75933
1	3	2	2	8	128	312	1.48666	67265
1	3	3	2	2	8	39	0.693794	144135
1	3	3	2	2	32	87	0.713715	140112
1	3	3	2	2	128	279	0.713715	140112
1	3	3	2	4	8	53	0.994263	100577
1	3	3	2	4	32	101	1.19427	83733
1	3	3	2	4	128	293	1.24236	80492
1	3	3	2	8	8	81	1.02898	97184
1	3	3	2	8	32	129	1.31695	75933
1	3	3	2	8	128	321	1.48666	67265
2	1	1	2	2	8	30	0.888336	112570
2	1	1	2	2	32	78	0.922118	108446
2	1	1	2	2	128	270	0.922118	108446
2	1	1	2	4	8	38	1.07309	93189
2	1	1	2	4	32	86	1.54416	64760
2	1	1	2	4	128	278	1.54416	64760
2	1	1	2	8	8	54	1.08382	92266
2	1	1	2	8	32	102	1.6645	60078
2	1	1	2	8	128	294	1.95748	51086
2	1	2	2	2	8	33	0.986057	101414
2	1	2	2	2	32	81	1.08821	91894
2	1	2	2	2	128	273	1.08821	91894
2	1	2	2	4	8	43	1.09755	91112
2	1	2	2	4	32	91	1.65292	60499
2	1	2	2	4	128	283	1.76707	56591
2	1	2	2	8	8	63	1.09755	91112
2	1	2	2	8	32	111	1.66667	60000
2	1	2	2	8	128	303	1.96144	50983
2	1	3	2	2	8	36	0.997506	100250
2	1	3	2	2	32	84	1.12361	88999
2	1	3	2	2	128	276	1.12361	88999
2	1	3	2	4	8	48	1.09755	91112
2	1	3	2	4	32	96	1.65401	60459
2	1	3	2	4	128	288	1.78987	55870
2	1	3	2	8	8	72	1.09755	91112
2	1	3	2	8	32	120	1.66667	60000
2	1	3	2	8	128	312	1.96128	50987
2	2	1	2	2	8	33	0.898029	111355
2	2	1	2	2	32	81	0.955046	104707
2	2	1	2	2	128	273	0.955046	104707
2	2	1	2	4	8	43	1.07318	93181
2	2	1	2	4	32	91	1.59403	62734
2	2	1	2	4	128	283	1.64439	60813
2	2	1	2	8	8	63	1.08387	92262
2	2	1	2	8	32	111	1.6645	60078
2	2	1	2	8	128	303	1.96905	50786
2	2	2	2	2	8	36	1.00267	99734
2	2	2	2	2	32	84	1.1501	86949
2	2	2	2	2	128	276	1.1501	86949
2	2	2	2	4	8	48	1.09762	91106
2	2	2	2	4	32	96	1.65585	60392
2	2	2	2	4	128	288	1.88882	52943
2	2	2	2	8	8	72	1.09762	91106
2	2	2	2	8	32	120	1.66667	60000
2	2	2	2	8	128	312	1.97099	50736
2	2	3	2	2	8	39	1.01276	98740
2	2	3	2	2	32	87	1.1957	83633
2	2	3	2	2	128	279	1.1957	83633
2	2	3	2	4	8	53	1.09762	91106
2	2	3	2	4	32	101	1.65607	60384
2	2	3	2	4	128	293	1.92308	52000
2	2	3	2	8	8	81	1.09762	91106
2	2	3	2	8	32	129	1.66667	60000
2	2	3	2	8	128	321	1.97099	50736
2	3	1	2	2	8	36	0.898045	111353
2	3	1	2	2	32	84	0.970648	103024
2	3	1	2	2	128	276	0.970648	103024
2	3	1	2	4	8	48	1.07318	93181
2	3	1	2	4	32	96	1.59403	62734
2	3	1	2	4	128	288	1.71019	58473
2	3	1	2	8	8	72	1.08387	92262
2	3	1	2	8	32	120	1.6645	60078
2	3	1	2	8	128	312	1.97114	50732
2	3	2	2	2	8	39	1.00269	99732
2	3	2	2	2	32	87	1.17374	85198
2	3	2	2	2	128	279	1.17374	85198
2	3	2	2	4	8	53	1.09762	91106
2	3	2	2	4	32	101	1.65585	60392
2	3	2	2	4	128	293	1.94993	51284
2	3	2	2	8	8	81	1.09762	91106
2	3	2	2	8	32	129	1.66667	60000
2	3	2	2	8	128	321	1.97114	50732
2	3	3	2	2	8	42	1.01278	98738
2	3	3	2	2	32	90	1.2189	82041
2	3	3	2	2	128	282	1.22033	81945
2	3	3	2	4	8	58	1.09762	91106
2	3	3	2	4	32	106	1.65607	60384
2	3	3	2	4	128	298	1.95213	51226
2	3	3	2	8	8	90	1.09762	91106
2	3	3	2	8	32	138	1.66667	60000
2	3	3	2	8	128	330	1.97114	50732
3	1	1	2	2	8	33	0.938201	106587
3	1	1	2	2	32	81	1.07304	93193
3	1	1	2	2	128	273	1.07304	93193
3	1	1	2	4	8	43	1.07321	93178
3	1	1	2	4	32	91	1.63161	61289
3	1	1	2	4	128	283	1.7727	56411
3	1	1	2	8	8	63	1.0841	92242
3	1	1	2	8	32	111	1.66481	60067
3	1	1	2	8	128	303	1.95856	51058
3	1	2	2	2	8	36	1.06066	94281
3	1	2	2	2	32	84	1.33633	74832
3	1	2	2	2	128	276	1.33633	74832
3	1	2	2	4	8	48	1.09768	91101
3	1	2	2	4	32	96	1.66686	59993
3	1	2	2	4	128	288	1.95183	51234
3	1	2	2	8	8	72	1.09768	91101
3	1	2	2	8	32	120	1.66697	59989
3	1	2	2	8	128	312	1.96202	50968
3	1	3	2	2	8	39	1.07439	93076
3	1	3	2	2	32	87	1.40477	71186
3	1	3	2	2	128	279	1.40477	71186
3	1	3	2	4	8	53	1.09768	91101
3	1	3	2	4	32	101	1.66686	59993
3	1	3	2	4	128	293	1.95416	51173
3	1	3	2	8	8	81	1.09768	91101
3	1	3	2	8	32	129	1.66697	59989
3	1	3	2	8	128	321	1.96286	50946
3	2	1	2	2	8	36	0.949424	105327
3	2	1	2	2	32	84	1.12133	89180
3	2	1	2	2	128	276	1.12133	89180
3	2	1	2	4	8	48	1.07331	93170
3	2	1	2	4	32	96	1.64509	60787
3	2	1	2	4	128	288	1.91333	52265
3	2	1	2	8	8	72	1.08415	92238
3	2	1	2	8	32	120	1.66481	60067
3	2	1	2	8	128	312	1.96905	50786
3	2	2	2	2	8	39	1.07668	92878
3	2	2	2	2	32	87	1.43221	69822
3	2	2	2	2	128	279	1.43221	69822
3	2	2	2	4	8	53	1.09776	91095
3	2	2	2	4	32	101	1.66697	59989
3	2	2	2	4	128	293	1.96009	51018
3	2	2	2	8	8	81	1.09776	91095
3	2	2	2	8	32	129	1.66697	59989
3	2	2	2	8	128	321	1.97114	50732
3	2	3	2	2	8	42	1.09067	91687
3	2	3	2	2	32	90	1.54116	64886
3	2	3	2	2	128	282	1.54502	64724
3	2	3	2	4	8	58	1.09776	91095
3	2	3	2	4	32	106	1.66697	59989
3	2	3	2	4	128	298	1.96152	50981
3	2	3	2	8	8	90	1.09776	91095
3	2	3	2	8	32	138	1.66697	59989
3	2	3	2	8	128	330	1.97114	50732
3	3	1	2	2	8	39	0.949523	105316
3	3	1	2	2	32	87	1.14549	87299
3	3	1	2	2	128	279	1.14549	87299
3	3	1	2	4	8	53	1.07331	93170
3	3	1	2	4	32	101	1.64509	60787
3	3	1	2	4	128	293	1.95752	51085
3	3	1	2	8	8	81	1.08415	92238
3	3	1	2	8	32	129	1.66481	60067
3	3	1	2	8	128	321	1.97114	50732
3	3	2	2	2	8	42	1.07668	92878
3	3	2	2	2	32	90	1.45656	68655
3	3	2	2	2	128	282	1.46927	68061
3	3	2	2	4	8	58	1.09776	91095
3	3	2	2	4	32	106	1.66697	59989
3	3	2	2	4	128	298	1.96518	50886
3	3	2	2	8	8	90	1.09776	91095
3	3	2	2	8	32	138	1.66697	59989
3	3	2	2	8	128	330	1.97114	50732
3	3	3	2	2	8	45	1.09067	91687
3	3	3	2	2	32	93	1.56174	64031
3	3	3	2	2	128	285	1.59576	62666
3	3	3	2	4	8	63	1.09776	91095
3	3	3	2	4	32	111	1.66697	59989
3	3	3	2	4	128	303	1.96661	50849
3	3	3	2	8	8	99	1.09776	91095
3	3	3	2	8	32	147	1.66697	59989
3	3	3	2	8	128	339	1.97114	50732
1	1	1	4	2	8	29	0.635683	157311
1	1	1	4	2	32	77	0.636015	157229
1	1	1	4	2	128	269	0.636015	157229
1	1	1	4	4	8	35	0.983187	101710
1	1	1	4	4	32	83	1.10049	90869
1	1	1	4	4	128	275	1.10049	90869
1	1	1	4	8	8	47	1.02593	97473
1	1	1	4	8	32	95	1.32071	75717
1	1	1	4	8	128	287	1.34279	74472
1	1	2	4	2	8	32	0.681673	146698
1	1	2	4	2	32	80	0.684355	146123
1	1	2	4	2	128	272	0.684355	146123
1	1	2	4	4	8	40	1.00028	99972
1	1	2	4	4	32	88	1.16523	85820
1	1	2	4	4	128	280	1.16523	85820
1	1	2	4	8	8	56	1.03808	96332
1	1	2	4	8	32	104	1.32265	75606
1	1	2	4	8	128	296	1.34279	74472
1	1	3	4	2	8	35	0.685176	145948
1	1	3	4	2	32	83	0.689974	144933
1	1	3	4	2	128	275	0.689974	144933
1	1	3	4	4	8	45	1.00012	99988
1	1	3	4	4	32	93	1.16451	85873
1	1	3	4	4	128	285	1.16451	85873
1	1	3	4	8	8	65	1.03787	96351
1	1	3	4	8	32	113	1.32265	75606
1	1	3	4	8	128	305	1.34279	74472
1	2	1	4	2	8	32	0.642504	155641
1	2	1	4	2	32	80	0.646693	154633
1	2	1	4	2	128	272	0.646693	154633
1	2	1	4	4	8	40	0.983226	101706
1	2	1	4	4	32	88	1.13542	88073
1	2	1	4	4	128	280	1.14141	87611
1	2	1	4	8	8	56	1.02593	97473
1	2	1	4	8	32	104	1.32107	75696
1	2	1	4	8	128	296	1.43031	69915
1	2	2	4	2	8	35	0.690045	144918
1	2	2	4	2	32	83	0.700442	142767
1	2	2	4	2	128	275	0.700442	142767
1	2	2	4	4	8	45	1.00062	99938
1	2	2	4	4	32	93	1.19531	83660
1	2	2	4	4	128	285	1.20897	82715
1	2	2	4	8	8	65	1.0381	96330
1	2	2	4	8	32	113	1.32301	75585
1	2	2	4	8	128	305	1.43031	69915
1	2	3	4	2	8	38	0.694416	144006
1	2	3	4	2	32	86	0.707824	141278
1	2	3	4	2	128	278	0.707824	141278
1	2	3	4	4	8	50	1.00055	99945
1	2	3	4	4	32	98	1.19471	83702
1	2	3	4	4	128	290	1.20836	82757
1	2	3	4	8	8	74	1.03797	96342
1	2	3	4	8	32	122	1.32301	75585
1	2	3	4	8	128	314	1.43031	69915
1	3	1	4	2	8	35	0.64264	155608
1	3	1	4	2	32	83	0.65161	153466
1	3	1	4	2	128	275	0.65161	153466
1	3	1	4	4	8	45	0.983226	101706
1	3	1	4	4	32	93	1.13542	88073
1	3	1	4	4	128	285	1.17174	85343
1	3	1	4	8	8	65	1.02593	97473
1	3	1	4	8	32	113	1.32107	75696
1	3	1	4	8	128	305	1.48657	67269
1	3	2	4	2	8	38	0.690203	144885
1	3	2	4	2	32	86	0.706304	141582
1	3	2	4	2	128	278	0.706304	141582
1	3	2	4	4	8	50	1.00062	99938
1	3	2	4	4	32	98	1.19541	83653
1	3	2	4	4	128	290	1.24316	80440
1	3	2	4	8	8	74	1.0381	96330
1	3	2	4	8	32	122	1.32301	75585
1	3	2	4	8	128	314	1.48672	67262
1	3	3	4	2	8	41	0.694575	143973
1	3	3	4	2	32	89	0.71372	140111
1	3	3	4	2	128	281	0.71372	140111
1	3	3	4	4	8	55	1.00062	99938
1	3	3	4	4	32	103	1.19471	83702
1	3	3	4	4	128	295	1.24241	80489
1	3	3	4	8	8	83	1.03797	96342
1	3	3	4	8	32	131	1.32301	75585
1	3	3	4	8	128	323	1.48672	67262
2	1	1	4	2	8	32	0.893439	111927
2	1	1	4	2	32	80	0.922126	108445
2	1	1	4	2	128	272	0.922126	108445
2	1	1	4	4	8	40	1.08783	91926
2	1	1	4	4	32	88	1.54428	64755
2	1	1	4	4	128	280	1.54428	64755
2	1	1	4	8	8	56	1.09816	91061
2	1	1	4	8	32	104	1.98535	50369
2	1	1	4	8	128	296	2.1456	46607
2	1	2	4	2	8	35	0.991277	100880
2	1	2	4	2	32	83	1.08822	91893
2	1	2	4	2	128	275	1.08822	91893
2	1	2	4	4	8	45	1.11684	89538
2	1	2	4	4	32	93	1.76607	56623
2	1	2	4	4	128	285	1.76769	56571
2	1	2	4	8	8	65	1.11684	89538
2	1	2	4	8	32	113	2.01296	49678
2	1	2	4	8	128	305	2.23864	44670
2	1	3	4	2	8	38	1.00613	99391
2	1	3	4	2	32	86	1.12362	88998
2	1	3	4	2	128	278	1.12362	88998
2	1	3	4	4	8	50	1.11896	89369
2	1	3	4	4	32	98	1.78504	56021
2	1	3	4	4	128	290	1.79061	55847
2	1	3	4	8	8	74	1.11896	89369
2	1	3	4	8	32	122	2.01459	49638
2	1	3	4	8	128	314	2.24472	44549
2	2	1	4	2	8	35	0.90438	110573
2	2	1	4	2	32	83	0.955055	104706
2	2	1	4	2	128	275	0.955055	104706
2	2	1	4	4	8	45	1.08783	91926
2	2	1	4	4	32	93	1.60102	62460
2	2	1	4	4	128	285	1.64452	60808
2	2	1	4	8	8	65	1.09816	91061
2	2	1	4	8	32	113	1.99068	50234
2	2	1	4	8	128	305	2.37468	42111
2	2	2	4	2	8	38	1.00997	99013
2	2	2	4	2	32	86	1.15011	86948
2	2	2	4	2	128	278	1.15011	86948
2	2	2	4	4	8	50	1.11892	89372
2	2	2	4	4	32	98	1.81018	55243
2	2	2	4	4	128	290	1.89075	52889
2	2	2	4	8	8	74	1.11892	89372
2	2	2	4	8	32	122	2.01979	49510
2	2	2	4	8	128	314	2.39464	41760
2	2	3	4	2	8	41	1.02012	98028
2	2	3	4	2	32	89	1.19574	83630
2	2	3	4	2	128	281	1.19574	83630
2	2	3	4	4	8	55	1.12113	89196
2	2	3	4	4	32	103	1.83157	54598
2	2	3	4	4	128	295	1.9266	51905
2	2	3	4	8	8	83	1.12113	89196
2	2	3	4	8	32	131	2.02208	49454
2	2	3	4	8	128	323	2.39464	41760
2	3	1	4	2	8	38	0.904396	110571
2	3	1	4	2	32	86	0.970657	103023
2	3	1	4	2	128	278	0.970657	103023
2	3	1	4	4	8	50	1.08783	91926
2	3	1	4	4	32	98	1.60113	62456
2	3	1	4	4	128	290	1.71063	58458
2	3	1	4	8	8	74	1.09816	91061
2	3	1	4	8	32	122	1.99068	50234
2	3	1	4	8	128	314	2.40304	41614
2	3	2	4	2	8	41	1.00999	99011
2	3	2	4	2	32	89	1.17375	85197
2	3	2	4	2	128	281	1.17375	85197
2	3	2	4	4	8	55	1.11892	89372
2	3	2	4	4	32	103	1.81041	55236
2	3	2	4	4	128	295	1.97977	50511
2	3	2	4	8	8	83	1.11892	89372
2	3	2	4	8	32	131	2.01979	49510
2	3	2	4	8	128	323	2.40732	41540
2	3	3	4	2	8	44	1.02018	98022
2	3	3	4	2	32	92	1.21895	82038
2	3	3	4	2	128	284	1.22038	81942
2	3	3	4	4	8	60	1.12113	89196
2	3	3	4	4	32	108	1.83385	54530
2	3	3	4	4	128	300	2.02249	49444
2	3	3	4	8	8	92	1.12113	89196
2	3	3	4	8	32	140	2.02208	49454
2	3	3	4	8	128	332	2.40709	41544
3	1	1	4	2	8	35	0.945966	105712
3	1	1	4	2	32	83	1.07307	93191
3	1	1	4	2	128	275	1.07307	93191
3	1	1	4	4	8	45	1.09003	91741
3	1	1	4	4	32	93	1.7738	56376
3	1	1	4	4	128	285	1.7738	56376
3	1	1	4	8	8	65	1.10056	90863
3	1	1	4	8	32	113	2.11537	47273
3	1	1	4	8	128	305	2.46907	40501
3	1	2	4	2	8	38	1.07782	92780
3	1	2	4	2	32	86	1.33636	74830
3	1	2	4	2	128	278	1.33636	74830
3	1	2	4	4	8	50	1.12361	88999
3	1	2	4	4	32	98	2.04086	48999
3	1	2	4	4	128	290	2.09017	47843
3	1	2	4	8	8	74	1.12361	88999
3	1	2	4	8	32	122	2.1568	46365
3	1	2	4	8	128	314	2.71702	36805
3	1	3	4	2	8	41	1.09633	91213
3	1	3	4	2	32	89	1.40481	71184
3	1	3	4	2	128	281	1.40481	71184
3	1	3	4	4	8	55	1.12614	88799
3	1	3	4	4	32	103	2.05876	48573
3	1	3	4	4	128	295	2.14878	46538
3	1	3	4	8	8	83	1.12614	88799
3	1	3	4	8	32	131	2.15997	46297
3	1	3	4	8	128	323	2.75012	36362
3	2	1	4	2	8	38	0.958681	104310
3	2	1	4	2	32	86	1.12135	89178
3	2	1	4	2	128	278	1.12135	89178
3	2	1	4	4	8	50	1.09003	91741
3	2	1	4	4	32	98	1.83325	54548
3	2	1	4	4	128	290	1.9192	52105
3	2	1	4	8	8	74	1.10056	90863
3	2	1	4	8	32	122	2.12603	47036
3	2	1	4	8	128	314	2.75664	36276
3	2	2	4	2	8	41	1.09948	90952
3	2	2	4	2	32	89	1.43225	69820
3	2	2	4	2	128	281	1.43225	69820
3	2	2	4	4	8	55	1.12366	88995
3	2	2	4	4	32	103	2.0931	47776
3	2	2	4	4	128	295	2.28943	43679
3	2	2	4	8	8	83	1.12366	88995
3	2	2	4	8	32	131	2.17571	45962
3	2	2	4	8	128	323	2.86722	34877
3	2	3	4	2	8	44	1.11667	89552
3	2	3	4	2	32	92	1.54514	64719
3	2	3	4	2	128	284	1.54514	64719
3	2	3	4	4	8	60	1.12625	88790
3	2	3	4	4	32	108	2.10615	47480
3	2	3	4	4	128	300	2.38317	41961
3	2	3	4	8	8	92	1.12625	88790
3	2	3	4	8	32	140	2.17941	45884
3	2	3	4	8	128	332	2.86936	34851
3	3	1	4	2	8	41	0.958782	104299
3	3	1	4	2	32	89	1.14551	87297
3	3	1	4	2	128	281	1.14551	87297
3	3	1	4	4	8	55	1.09003	91741
3	3	1	4	4	32	103	1.83325	54548
3	3	1	4	4	128	295	2.01605	49602
3	3	1	4	8	8	83	1.10056	90863
3	3	1	4	8	32	131	2.12603	47036
3	3	1	4	8	128	323	2.78451	35913
3	3	2	4	2	8	44	1.09948	90952
3	3	2	4	2	32	92	1.45975	68505
3	3	2	4	2	128	284	1.46931	68059
3	3	2	4	4	8	60	1.12366	88995
3	3	2	4	4	32	108	2.0931	47776
3	3	2	4	4	128	300	2.42454	41245
3	3	2	4	8	8	92	1.12366	88995
3	3	2	4	8	32	140	2.17595	45957
3	3	2	4	8	128	332	2.88434	34670
3	3	3	4	2	8	47	1.11667	89552
3	3	3	4	2	32	95	1.57465	63506
3	3	3	4	2	128	287	1.59589	62661
3	3	3	4	4	8	65	1.12628	88788
3	3	3	4	4	32	113	2.10624	47478
3	3	3	4	4	128	305	2.52411	39618
3	3	3	4	8	8	101	1.12628	88788
3	3	3	4	8	32	149	2.17974	45877
3	3	3	4	8	128	341	2.8855	34656
1	1	1	8	2	8	33	0.635683	157311
1	1	1	8	2	32	81	0.636015	157229
1	1	1	8	2	128	273	0.636015	157229
1	1	1	8	4	8	39	0.983187	101710
1	1	1	8	4	32	87	1.10049	90869
1	1	1	8	4	128	279	1.10049	90869
1	1	1	8	8	8	51	1.02593	97473
1	1	1	8	8	32	99	1.32238	75621
1	1	1	8	8	128	291	1.34279	74472
1	1	2	8	2	8	36	0.681673	146698
1	1	2	8	2	32	84	0.68436	146122
1	1	2	8	2	128	276	0.68436	146122
1	1	2	8	4	8	44	1.00028	99972
1	1	2	8	4	32	92	1.16523	85820
1	1	2	8	4	128	284	1.16523	85820
1	1	2	8	8	8	60	1.03808	96332
1	1	2	8	8	32	108	1.32265	75606
1	1	2	8	8	128	300	1.34279	74472
1	1	3	8	2	8	39	0.685194	145944
1	1	3	8	2	32	87	0.689974	144933
1	1	3	8	2	128	279	0.689974	144933
1	1	3	8	4	8	49	1.00012	99988
1	1	3	8	4	32	97	1.16451	85873
1	1	3	8	4	128	289	1.16451	85873
1	1	3	8	8	8	69	1.03787	96351
1	1	3	8	8	32	117	1.32265	75606
1	1	3	8	8	128	309	1.34279	74472
1	2	1	8	2	8	36	0.642504	155641
1	2	1	8	2	32	84	0.646693	154633
1	2	1	8	2	128	276	0.646693	154633
1	2	1	8	4	8	44	0.983226	101706
1	2	1	8	4	32	92	1.13542	88073
1	2	1	8	4	128	284	1.14141	87611
1	2	1	8	8	8	60	1.02593	97473
1	2	1	8	8	32	108	1.32275	75600
1	2	1	8	8	128	300	1.43031	69915
1	2	2	8	2	8	39	0.690045	144918
1	2	2	8	2	32	87	0.700447	142766
1	2	2	8	2	128	279	0.700447	142766
1	2	2	8	4	8	49	1.00062	99938
1	2	2	8	4	32	97	1.19531	83660
1	2	2	8	4	128	289	1.20897	82715
1	2	2	8	8	8	69	1.0381	96330
1	2	2	8	8	32	117	1.32301	75585
1	2	2	8	8	128	309	1.43031	69915
1	2	3	8	2	8	42	0.694435	144002
1	2	3	8	2	32	90	0.707824	141278
1	2	3	8	2	128	282	0.707824	141278
1	2	3	8	4	8	54	1.00055	99945
1	2	3	8	4	32	102	1.19471	83702
1	2	3	8	4	128	294	1.20836	82757
1	2	3	8	8	8	78	1.03797	96342
1	2	3	8	8	32	126	1.32301	75585
1	2	3	8	8	128	318	1.43031	69915
1	3	1	8	2	8	39	0.64264	155608
1	3	1	8	2	32	87	0.65161	153466
1	3	1	8	2	128	279	0.65161	153466
1	3	1	8	4	8	49	0.983226	101706
1	3	1	8	4	32	97	1.13542	88073
1	3	1	8	4	128	289	1.17174	85343
1	3	1	8	8	8	69	1.02593	97473
1	3	1	8	8	32	117	1.32275	75600
1	3	1	8	8	128	309	1.48657	67269
1	3	2	8	2	8	42	0.690203	144885
1	3	2	8	2	32	90	0.706309	141581
1	3	2	8	2	128	282	0.706309	141581
1	3	2	8	4	8	54	1.00062	99938
1	3	2	8	4	32	102	1.19541	83653
1	3	2	8	4	128	294	1.24316	80440
1	3	2	8	8	8	78	1.0381	96330
1	3	2	8	8	32	126	1.32314	75578
1	3	2	8	8	128	318	1.48672	67262
1	3	3	8	2	8	45	0.694594	143969
1	3	3	8	2	32	93	0.71372	140111
1	3	3	8	2	128	285	0.71372	140111
1	3	3	8	4	8	59	1.00062	99938
1	3	3	8	4	32	107	1.19471	83702
1	3	3	8	4	128	299	1.24241	80489
1	3	3	8	8	8	87	1.03797	96342
1	3	3	8	8	32	135	1.32314	75578
1	3	3	8	8	128	327	1.48672	67262
2	1	1	8	2	8	36	0.895071	111723
2	1	1	8	2	32	84	0.922126	108445
2	1	1	8	2	128	276	0.922126	108445
2	1	1	8	4	8	44	1.09076	91679
2	1	1	8	4	32	92	1.54428	64755
2	1	1	8	4	128	284	1.54428	64755
2	1	1	8	8	8	60	1.1012	90810
2	1	1	8	8	32	108	1.99084	50230
2	1	1	8	8	128	300	2.14574	46604
2	1	2	8	2	8	39	0.99295	100710
2	1	2	8	2	32	87	1.08823	91892
2	1	2	8	2	128	279	1.08823	91892
2	1	2	8	4	8	49	1.11987	89296
2	1	2	8	4	32	97	1.76647	56610
2	1	2	8	4	128	289	1.76775	56569
2	1	2	8	8	8	69	1.11987	89296
2	1	2	8	8	32	117	2.04491	48902
2	1	2	8	8	128	309	2.23889	44665
2	1	3	8	2	8	42	1.00613	99391
2	1	3	8	2	32	90	1.12362	88998
2	1	3	8	2	128	282	1.12362	88998
2	1	3	8	4	8	54	1.1202	89270
2	1	3	8	4	32	102	1.78613	55987
2	1	3	8	4	128	294	1.79067	55845
2	1	3	8	8	8	78	1.1202	89270
2	1	3	8	8	32	126	2.04733	48844
2	1	3	8	8	128	318	2.24492	44545
2	2	1	8	2	8	39	0.907457	110198
2	2	1	8	2	32	87	0.955055	104706
2	2	1	8	2	128	279	0.955055	104706
2	2	1	8	4	8	49	1.09076	91679
2	2	1	8	4	32	97	1.60102	62460
2	2	1	8	4	128	289	1.64452	60808
2	2	1	8	8	8	69	1.1012	90810
2	2	1	8	8	32	117	1.99637	50091
2	2	1	8	8	128	309	2.3788	42038
2	2	2	8	2	8	42	1.00997	99013
2	2	2	8	2	32	90	1.15013	86947
2	2	2	8	2	128	282	1.15013	86947
2	2	2	8	4	8	54	1.12196	89130
2	2	2	8	4	32	102	1.81094	55220
2	2	2	8	4	128	294	1.89082	52887
2	2	2	8	8	8	78	1.12196	89130
2	2	2	8	8	32	126	2.05465	48670
2	2	2	8	8	128	318	2.40027	41662
2	2	3	8	2	8	45	1.02201	97846
2	2	3	8	2	32	93	1.19574	83630
2	2	3	8	2	128	285	1.19574	83630
2	2	3	8	4	8	59	1.12237	89097
2	2	3	8	4	32	107	1.8353	54487
2	2	3	8	4	128	299	1.92667	51903
2	2	3	8	8	8	87	1.12237	89097
2	2	3	8	8	32	135	2.05846	48580
2	2	3	8	8	128	327	2.40027	41662
2	3	1	8	2	8	42	0.907474	110196
2	3	1	8	2	32	90	0.970657	103023
2	3	1	8	2	128	282	0.970657	103023
2	3	1	8	4	8	54	1.09076	91679
2	3	1	8	4	32	102	1.60113	62456
2	3	1	8	4	128	294	1.71063	58458
2	3	1	8	8	8	78	1.1012	90810
2	3	1	8	8	32	126	1.99637	50091
2	3	1	8	8	128	318	2.41103	41476
2	3	2	8	2	8	45	1.00999	99011
2	3	2	8	2	32	93	1.17376	85196
2	3	2	8	2	128	285	1.17376	85196
2	3	2	8	4	8	59	1.12196	89130
2	3	2	8	4	32	107	1.81205	55186
2	3	2	8	4	128	299	1.97985	50509
2	3	2	8	8	8	87	1.12196	89130
2	3	2	8	8	32	135	2.05482	48666
2	3	2	8	8	128	327	2.41301	41442
2	3	3	8	2	8	48	1.02208	97840
2	3	3	8	2	32	96	1.21895	82038
2	3	3	8	2	128	288	1.22038	81942
2	3	3	8	4	8	64	1.12237	89097
2	3	3	8	4	32	112	1.83854	54391
2	3	3	8	4	128	304	2.02257	49442
2	3	3	8	8	8	96	1.12237	89097
2	3	3	8	8	32	144	2.05859	48577
2	3	3	8	8	128	336	2.41278	41446
3	1	1	8	2	8	39	0.950977	105155
3	1	1	8	2	32	87	1.07307	93191
3	1	1	8	2	128	279	1.07307	93191
3	1	1	8	4	8	49	1.09297	91494
3	1	1	8	4	32	97	1.7738	56376
3	1	1	8	4	128	289	1.77384	56375
3	1	1	8	8	8	69	1.10361	90612
3	1	1	8	8	32	117	2.13461	46847
3	1	1	8	8	128	309	2.4695	40494
3	1	2	8	2	8	42	1.0807	92533
3	1	2	8	2	32	90	1.33638	74829
3	1	2	8	2	128	282	1.33638	74829
3	1	2	8	4	8	54	1.1267	88755
3	1	2	8	4	32	102	2.05465	48670
3	1	2	8	4	128	294	2.0903	47840
3	1	2	8	8	8	78	1.1267	88755
3	1	2	8	8	32	126	2.19361	45587
3	1	2	8	8	128	318	2.71754	36798
3	1	3	8	2	8	45	1.09954	90947
3	1	3	8	2	32	93	1.40481	71184
3	1	3	8	2	128	285	1.40481	71184
3	1	3	8	4	8	59	1.12742	88698
3	1	3	8	4	32	107	2.07991	48079
3	1	3	8	4	128	299	2.14892	46535
3	1	3	8	8	8	87	1.12742	88698
3	1	3	8	8	32	135	2.19635	45530
3	1	3	8	8	128	327	2.75088	36352
3	2	1	8	2	8	42	0.963846	103751
3	2	1	8	2	32	90	1.12135	89178
3	2	1	8	2	128	282	1.12135	89178
3	2	1	8	4	8	54	1.093	91491
3	2	1	8	4	32	102	1.84003	54347
3	2	1	8	4	128	294	1.91924	52104
3	2	1	8	8	8	78	1.10364	90609
3	2	1	8	8	32	126	2.14376	46647
3	2	1	8	8	128	318	2.7757	36027
3	2	2	8	2	8	45	1.10252	90701
3	2	2	8	2	32	93	1.43227	69819
3	2	2	8	2	128	285	1.43227	69819
3	2	2	8	4	8	59	1.12685	88743
3	2	2	8	4	32	107	2.11175	47354
3	2	2	8	4	128	299	2.28969	43674
3	2	2	8	8	8	87	1.12685	88743
3	2	2	8	8	32	135	2.21019	45245
3	2	2	8	8	128	327	2.9335	34089
3	2	3	8	2	8	48	1.11797	89448
3	2	3	8	2	32	96	1.54514	64719
3	2	3	8	2	128	288	1.54514	64719
3	2	3	8	4	8	64	1.12761	88683
3	2	3	8	4	32	112	2.13639	46808
3	2	3	8	4	128	304	2.38339	41957
3	2	3	8	8	8	96	1.12761	88683
3	2	3	8	8	32	144	2.21739	45098
3	2	3	8	8	128	336	2.93565	34064
3	3	1	8	2	8	45	0.963986	103736
3	3	1	8	2	32	93	1.14551	87297
3	3	1	8	2	128	285	1.14551	87297
3	3	1	8	4	8	59	1.093	91491
3	3	1	8	4	32	107	1.84003	54347
3	3	1	8	4	128	299	2.01609	49601
3	3	1	8	8	8	87	1.10364	90609
3	3	1	8	8	32	135	2.1439	46644
3	3	1	8	8	128	327	2.81183	35564
3	3	2	8	2	8	48	1.10257	90697
3	3	2	8	2	32	96	1.46058	68466
3	3	2	8	2	128	288	1.46933	68058
3	3	2	8	4	8	64	1.12685	88743
3	3	2	8	4	32	112	2.11238	47340
3	3	2	8	4	128	304	2.42483	41240
3	3	2	8	8	8	96	1.12685	88743
3	3	2	8	8	32	144	2.21082	45232
3	3	2	8	8	128	336	2.95125	33884
3	3	3	8	2	8	51	1.11802	89444
3	3	3	8	2	32	99	1.57696	63413
3	3	3	8	2	128	291	1.59589	62661
3	3	3	8	4	8	69	1.12766	88679
3	3	3	8	4	32	117	2.13671	46801
3	3	3	8	4	128	309	2.52768	39562
3	3	3	8	8	8	105	1.12766	88679
3	3	3	8	8	32	153	2.21838	45078
3	3	3	8	8	128	345	2.95255	33869
