1	1	1	2	2	8	27	0.61846	161692
1	1	1	2	2	32	75	0.618996	161552
1	1	1	2	2	128	267	0.618996	161552
1	1	1	2	4	8	33	1.00333	99668
1	1	1	2	4	32	81	1.15844	86323
1	1	1	2	4	128	273	1.15844	86323
1	1	1	2	8	8	45	1.03417	96696
1	1	1	2	8	32	93	1.47449	67820
1	1	1	2	8	128	285	1.48254	67452
1	1	2	2	2	8	30	0.690222	144881
1	1	2	2	2	32	78	0.699218	143017
1	1	2	2	2	128	270	0.699218	143017
1	1	2	2	4	8	38	1.01845	98188
1	1	2	2	4	32	86	1.27199	78617
1	1	2	2	4	128	278	1.27199	78617
1	1	2	2	8	8	54	1.04013	96142
1	1	2	2	8	32	102	1.48863	67176
1	1	2	2	8	128	294	1.52411	65612
1	1	3	2	2	8	33	0.699379	142984
1	1	3	2	2	32	81	0.714	140056
1	1	3	2	2	128	273	0.714	140056
1	1	3	2	4	8	43	1.01845	98188
1	1	3	2	4	32	91	1.28291	77948
1	1	3	2	4	128	283	1.28291	77948
1	1	3	2	8	8	63	1.04013	96142
1	1	3	2	8	32	111	1.49169	67038
1	1	3	2	8	128	303	1.53704	65060
1	2	1	2	2	8	30	0.641968	155771
1	2	1	2	2	32	78	0.643505	155399
1	2	1	2	2	128	270	0.643505	155399
1	2	1	2	4	8	38	1.00703	99302
1	2	1	2	4	32	86	1.19353	83785
1	2	1	2	4	128	278	1.19353	83785
1	2	1	2	8	8	54	1.03866	96278
1	2	1	2	8	32	102	1.48355	67406
1	2	1	2	8	128	294	1.49374	66946
1	2	2	2	2	8	33	0.716969	139476
1	2	2	2	2	32	81	0.730108	136966
1	2	2	2	2	128	273	0.730108	136966
1	2	2	2	4	8	43	1.02373	97682
1	2	2	2	4	32	91	1.32078	75713
1	2	2	2	4	128	283	1.32078	75713
1	2	2	2	8	8	63	1.04465	95726
1	2	2	2	8	32	111	1.49889	66716
1	2	2	2	8	128	303	1.53379	65198
1	2	3	2	2	8	36	0.725874	137765
1	2	3	2	2	32	84	0.748565	133589
1	2	3	2	2	128	276	0.748565	133589
1	2	3	2	4	8	48	1.02373	97682
1	2	3	2	4	32	96	1.34077	74584
1	2	3	2	4	128	288	1.34326	74446
1	2	3	2	8	8	72	1.04465	95726
1	2	3	2	8	32	120	1.502	66578
1	2	3	2	8	128	312	1.55241	64416
1	3	1	2	2	8	33	0.64406	155265
1	3	1	2	2	32	81	0.646567	154663
1	3	1	2	2	128	273	0.646567	154663
1	3	1	2	4	8	43	1.00703	99302
1	3	1	2	4	32	91	1.1955	83647
1	3	1	2	4	128	283	1.1955	83647
1	3	1	2	8	8	63	1.03866	96278
1	3	1	2	8	32	111	1.48456	67360
1	3	1	2	8	128	303	1.49374	66946
1	3	2	2	2	8	36	0.720295	138832
1	3	2	2	2	32	84	0.735305	135998
1	3	2	2	2	128	276	0.735305	135998
1	3	2	2	4	8	48	1.02373	97682
1	3	2	2	4	32	96	1.32399	75529
1	3	2	2	4	128	288	1.32399	75529
1	3	2	2	8	8	72	1.04465	95726
1	3	2	2	8	32	120	1.49889	66716
1	3	2	2	8	128	312	1.53379	65198
1	3	3	2	2	8	39	0.729283	137121
1	3	3	2	2	32	87	0.75429	132575
1	3	3	2	2	128	279	0.75429	132575
1	3	3	2	4	8	53	1.02373	97682
1	3	3	2	4	32	101	1.34409	74400
1	3	3	2	4	128	293	1.34742	74216
1	3	3	2	8	8	81	1.04465	95726
1	3	3	2	8	32	129	1.502	66578
1	3	3	2	8	128	321	1.55241	64416
2	1	1	2	2	8	30	0.82528	121171
2	1	1	2	2	32	78	0.85634	116776
2	1	1	2	2	128	270	0.85634	116776
2	1	1	2	4	8	38	1.07097	93373
2	1	1	2	4	32	86	1.65352	60477
2	1	1	2	4	128	278	1.65736	60337
2	1	1	2	8	8	54	1.09016	91730
2	1	1	2	8	32	102	1.87719	53271
2	1	1	2	8	128	294	1.99239	50191
2	1	2	2	2	8	33	0.966062	103513
2	1	2	2	2	32	81	1.10186	90756
2	1	2	2	2	128	273	1.10186	90756
2	1	2	2	4	8	43	1.0921	91567
2	1	2	2	4	32	91	1.82518	54789
2	1	2	2	4	128	283	1.93132	51778
2	1	2	2	8	8	63	1.0965	91199
2	1	2	2	8	32	111	1.88701	52994
2	1	2	2	8	128	303	1.9984	50040
2	1	3	2	2	8	36	0.978751	102171
2	1	3	2	2	32	84	1.1578	86371
2	1	3	2	2	128	276	1.1578	86371
2	1	3	2	4	8	48	1.0921	91567
2	1	3	2	4	32	96	1.83291	54558
2	1	3	2	4	128	288	1.95393	51179
2	1	3	2	8	8	72	1.0965	91199
2	1	3	2	8	32	120	1.88865	52948
2	1	3	2	8	128	312	1.9984	50040
2	2	1	2	2	8	33	0.863528	115804
2	2	1	2	2	32	81	0.920344	108655
2	2	1	2	2	128	273	0.920344	108655
2	2	1	2	4	8	43	1.0787	92704
2	2	1	2	4	32	91	1.71518	58303
2	2	1	2	4	128	283	1.74981	57149
2	2	1	2	8	8	63	1.09374	91429
2	2	1	2	8	32	111	1.87719	53271
2	2	1	2	8	128	303	1.99239	50191
2	2	2	2	2	8	36	1.02163	97883
2	2	2	2	2	32	84	1.21398	82374
2	2	2	2	2	128	276	1.21398	82374
2	2	2	2	4	8	48	1.10125	90806
2	2	2	2	4	32	96	1.86272	53685
2	2	2	2	4	128	288	1.96359	50927
2	2	2	2	8	8	72	1.10125	90806
2	2	2	2	8	32	120	1.88701	52994
2	2	2	2	8	128	312	1.9984	50040
2	2	3	2	2	8	39	1.03484	96633
2	2	3	2	2	32	87	1.29574	77176
2	2	3	2	2	128	279	1.29574	77176
2	2	3	2	4	8	53	1.10125	90806
2	2	3	2	4	32	101	1.86595	53592
2	2	3	2	4	128	293	1.98602	50352
2	2	3	2	8	8	81	1.10125	90806
2	2	3	2	8	32	129	1.88865	52948
2	2	3	2	8	128	321	1.9984	50040
2	3	1	2	2	8	36	0.865936	115482
2	3	1	2	2	32	84	0.937902	106621
2	3	1	2	2	128	276	0.937902	106621
2	3	1	2	4	8	48	1.0787	92704
2	3	1	2	4	32	96	1.71653	58257
2	3	1	2	4	128	288	1.76382	56695
2	3	1	2	8	8	72	1.09374	91429
2	3	1	2	8	32	120	1.87719	53271
2	3	1	2	8	128	312	1.99239	50191
2	3	2	2	2	8	39	1.02548	97515
2	3	2	2	2	32	87	1.2418	80528
2	3	2	2	2	128	279	1.2418	80528
2	3	2	2	4	8	53	1.10125	90806
2	3	2	2	4	32	101	1.86272	53685
2	3	2	2	4	128	293	1.96359	50927
2	3	2	2	8	8	81	1.10125	90806
2	3	2	2	8	32	129	1.88701	52994
2	3	2	2	8	128	321	1.9984	50040
2	3	3	2	2	8	42	1.0388	96265
2	3	3	2	2	32	90	1.32827	75286
2	3	3	2	2	128	282	1.32827	75286
2	3	3	2	4	8	58	1.10125	90806
2	3	3	2	4	32	106	1.86595	53592
2	3	3	2	4	128	298	1.98602	50352
2	3	3	2	8	8	90	1.10125	90806
2	3	3	2	8	32	138	1.88865	52948
2	3	3	2	8	128	330	1.9984	50040
3	1	1	2	2	8	33	0.8671	115327
3	1	1	2	2	32	81	0.97044	103046
3	1	1	2	2	128	273	0.97044	103046
3	1	1	2	4	8	43	1.07097	93373
3	1	1	2	4	32	91	1.7445	57323
3	1	1	2	4	128	283	1.82538	54783
3	1	1	2	8	8	63	1.09043	91707
3	1	1	2	8	32	111	1.87804	53247
3	1	1	2	8	128	303	1.99748	50063
3	1	2	2	2	8	36	1.01313	98704
3	1	2	2	2	32	84	1.32799	75302
3	1	2	2	2	128	276	1.32799	75302
3	1	2	2	4	8	48	1.0921	91567
3	1	2	2	4	32	96	1.86755	53546
3	1	2	2	4	128	288	1.99513	50122
3	1	2	2	8	8	72	1.09678	91176
3	1	2	2	8	32	120	1.88783	52971
3	1	2	2	8	128	312	1.9984	50040
3	1	3	2	2	8	39	1.02685	97385
3	1	3	2	2	32	87	1.43025	69918
3	1	3	2	2	128	279	1.43025	69918
3	1	3	2	4	8	53	1.0921	91567
3	1	3	2	4	32	101	1.87238	53408
3	1	3	2	4	128	293	1.99768	50058
3	1	3	2	8	8	81	1.09678	91176
3	1	3	2	8	32	129	1.88947	52925
3	1	3	2	8	128	321	1.9984	50040
3	2	1	2	2	8	36	0.910573	109821
3	2	1	2	2	32	84	1.0492	95311
3	2	1	2	2	128	276	1.0492	95311
3	2	1	2	4	8	48	1.07897	92681
3	2	1	2	4	32	96	1.76647	56610
3	2	1	2	4	128	288	1.84682	54147
3	2	1	2	8	8	72	1.09402	91406
3	2	1	2	8	32	120	1.87804	53247
3	2	1	2	8	128	312	1.99748	50063
3	2	2	2	2	8	39	1.0755	92980
3	2	2	2	2	32	87	1.53053	65337
3	2	2	2	2	128	279	1.53053	65337
3	2	2	2	4	8	53	1.10153	90783
3	2	2	2	4	32	101	1.88783	52971
3	2	2	2	4	128	293	1.99696	50076
3	2	2	2	8	8	81	1.10153	90783
3	2	2	2	8	32	129	1.88783	52971
3	2	2	2	8	128	321	1.9984	50040
3	2	3	2	2	8	42	1.09043	91707
3	2	3	2	2	32	90	1.66497	60061
3	2	3	2	2	128	282	1.71418	58337
3	2	3	2	4	8	58	1.10153	90783
3	2	3	2	4	32	106	1.88947	52925
3	2	3	2	4	128	298	1.99804	50049
3	2	3	2	8	8	90	1.10153	90783
3	2	3	2	8	32	138	1.88947	52925
3	2	3	2	8	128	330	1.9984	50040
3	3	1	2	2	8	39	0.914018	109407
3	3	1	2	2	32	87	1.07102	93369
3	3	1	2	2	128	279	1.07102	93369
3	3	1	2	4	8	53	1.07897	92681
3	3	1	2	4	32	101	1.76647	56610
3	3	1	2	4	128	293	1.84682	54147
3	3	1	2	8	8	81	1.09402	91406
3	3	1	2	8	32	129	1.87804	53247
3	3	1	2	8	128	321	1.99748	50063
3	3	2	2	2	8	42	1.08192	92428
3	3	2	2	2	32	90	1.58433	63118
3	3	2	2	2	128	282	1.58433	63118
3	3	2	2	4	8	58	1.10153	90783
3	3	2	2	4	32	106	1.88783	52971
3	3	2	2	4	128	298	1.99696	50076
3	3	2	2	8	8	90	1.10153	90783
3	3	2	2	8	32	138	1.88783	52971
3	3	2	2	8	128	330	1.9984	50040
3	3	3	2	2	8	45	1.09703	91155
3	3	3	2	2	32	93	1.71913	58169
3	3	3	2	2	128	285	1.78473	56031
3	3	3	2	4	8	63	1.10153	90783
3	3	3	2	4	32	111	1.88947	52925
3	3	3	2	4	128	303	1.99804	50049
3	3	3	2	8	8	99	1.10153	90783
3	3	3	2	8	32	147	1.88947	52925
3	3	3	2	8	128	339	1.9984	50040
1	1	1	4	2	8	29	0.61846	161692
1	1	1	4	2	32	77	0.618996	161552
1	1	1	4	2	128	269	0.618996	161552
1	1	1	4	4	8	35	1.01	99010
1	1	1	4	4	32	83	1.15844	86323
1	1	1	4	4	128	275	1.15844	86323
1	1	1	4	8	8	47	1.04453	95737
1	1	1	4	8	32	95	1.47665	67721
1	1	1	4	8	128	287	1.48269	67445
1	1	2	4	2	8	32	0.690894	144740
1	1	2	4	2	32	80	0.699218	143017
1	1	2	4	2	128	272	0.699218	143017
1	1	2	4	4	8	40	1.02726	97346
1	1	2	4	4	32	88	1.27202	78615
1	1	2	4	4	128	280	1.27202	78615
1	1	2	4	8	8	56	1.05419	94860
1	1	2	4	8	32	104	1.49595	66847
1	1	2	4	8	128	296	1.52427	65605
1	1	3	4	2	8	35	0.699834	142891
1	1	3	4	2	32	83	0.714005	140055
1	1	3	4	2	128	275	0.714005	140055
1	1	3	4	4	8	45	1.02824	97254
1	1	3	4	4	32	93	1.28297	77944
1	1	3	4	4	128	285	1.28297	77944
1	1	3	4	8	8	65	1.05521	94768
1	1	3	4	8	32	113	1.49905	66709
1	1	3	4	8	128	305	1.53721	65053
1	2	1	4	2	8	32	0.641968	155771
1	2	1	4	2	32	80	0.643505	155399
1	2	1	4	2	128	272	0.643505	155399
1	2	1	4	4	8	40	1.01711	98318
1	2	1	4	4	32	88	1.19353	83785
1	2	1	4	4	128	280	1.19353	83785
1	2	1	4	8	8	56	1.05012	95227
1	2	1	4	8	32	104	1.4898	67123
1	2	1	4	8	128	296	1.4939	66939
1	2	2	4	2	8	35	0.717211	139429
1	2	2	4	2	32	83	0.730108	136966
1	2	2	4	2	128	275	0.730108	136966
1	2	2	4	4	8	45	1.03463	96653
1	2	2	4	4	32	93	1.32081	75711
1	2	2	4	4	128	285	1.32081	75711
1	2	2	4	8	8	65	1.05936	94397
1	2	2	4	8	32	113	1.50528	66433
1	2	2	4	8	128	305	1.53395	65191
1	2	3	4	2	8	38	0.726364	137672
1	2	3	4	2	32	86	0.74857	133588
1	2	3	4	2	128	278	0.74857	133588
1	2	3	4	4	8	50	1.03561	96561
1	2	3	4	4	32	98	1.34167	74534
1	2	3	4	4	128	290	1.34333	74442
1	2	3	4	8	8	74	1.06039	94305
1	2	3	4	8	32	122	1.50841	66295
1	2	3	4	8	128	314	1.55258	64409
1	3	1	4	2	8	35	0.64406	155265
1	3	1	4	2	32	83	0.646567	154663
1	3	1	4	2	128	275	0.646567	154663
1	3	1	4	4	8	45	1.01711	98318
1	3	1	4	4	32	93	1.1955	83647
1	3	1	4	4	128	285	1.1955	83647
1	3	1	4	8	8	65	1.05012	95227
1	3	1	4	8	32	113	1.4898	67123
1	3	1	4	8	128	305	1.4939	66939
1	3	2	4	2	8	38	0.720539	138785
1	3	2	4	2	32	86	0.735305	135998
1	3	2	4	2	128	278	0.735305	135998
1	3	2	4	4	8	50	1.03463	96653
1	3	2	4	4	32	98	1.32403	75527
1	3	2	4	4	128	290	1.32403	75527
1	3	2	4	8	8	74	1.05936	94397
1	3	2	4	8	32	122	1.50528	66433
1	3	2	4	8	128	314	1.53395	65191
1	3	3	4	2	8	41	0.729778	137028
1	3	3	4	2	32	89	0.754296	132574
1	3	3	4	2	128	281	0.754296	132574
1	3	3	4	4	8	55	1.03561	96561
1	3	3	4	4	32	103	1.34582	74304
1	3	3	4	4	128	295	1.34749	74212
1	3	3	4	8	8	83	1.06039	94305
1	3	3	4	8	32	131	1.50841	66295
1	3	3	4	8	128	323	1.55258	64409
2	1	1	4	2	8	32	0.828782	120659
2	1	1	4	2	32	80	0.85634	116776
2	1	1	4	2	128	272	0.85634	116776
2	1	1	4	4	8	40	1.08592	92088
2	1	1	4	4	32	88	1.65747	60333
2	1	1	4	4	128	280	1.65747	60333
2	1	1	4	8	8	56	1.10364	90609
2	1	1	4	8	32	104	2.32239	43059
2	1	1	4	8	128	296	2.50325	39948
2	1	2	4	2	8	35	0.97464	102602
2	1	2	4	2	32	83	1.10186	90756
2	1	2	4	2	128	275	1.10186	90756
2	1	2	4	4	8	45	1.11161	89960
2	1	2	4	4	32	93	1.98562	50362
2	1	2	4	4	128	285	2.00208	49948
2	1	2	4	8	8	65	1.11588	89615
2	1	2	4	8	32	113	2.40964	41500
2	1	2	4	8	128	305	2.80175	35692
2	1	3	4	2	8	38	0.987528	101263
2	1	3	4	2	32	86	1.15785	86367
2	1	3	4	2	128	278	1.15785	86367
2	1	3	4	4	8	50	1.11274	89868
2	1	3	4	4	32	98	2.0059	49853
2	1	3	4	4	128	290	2.04173	48978
2	1	3	4	8	8	74	1.11703	89523
2	1	3	4	8	32	122	2.40964	41500
2	1	3	4	8	128	314	2.83455	35279
2	2	1	4	2	8	35	0.86983	114965
2	2	1	4	2	32	83	0.920344	108655
2	2	1	4	2	128	275	0.920344	108655
2	2	1	4	4	8	45	1.09552	91281
2	2	1	4	4	32	93	1.74865	57187
2	2	1	4	4	128	285	1.75006	57141
2	2	1	4	8	8	65	1.10989	90099
2	2	1	4	8	32	113	2.35766	42415
2	2	1	4	8	128	305	2.59289	38567
2	2	2	4	2	8	38	1.03471	96645
2	2	2	4	2	32	86	1.21398	82374
2	2	2	4	2	128	278	1.21398	82374
2	2	2	4	4	8	50	1.11991	89293
2	2	2	4	4	32	98	2.1938	45583
2	2	2	4	4	128	290	2.22752	44893
2	2	2	4	8	8	74	1.11991	89293
2	2	2	4	8	32	122	2.45592	40718
2	2	2	4	8	128	314	2.93824	34034
2	2	3	4	2	8	41	1.04876	95351
2	2	3	4	2	32	89	1.29581	77172
2	2	3	4	2	128	281	1.29581	77172
2	2	3	4	4	8	55	1.12106	89201
2	2	3	4	4	32	103	2.20716	45307
2	2	3	4	4	128	295	2.30585	43368
2	2	3	4	8	8	83	1.12106	89201
2	2	3	4	8	32	131	2.45869	40672
2	2	3	4	8	128	323	2.98249	33529
2	3	1	4	2	8	38	0.872623	114597
2	3	1	4	2	32	86	0.937902	106621
2	3	1	4	2	128	278	0.937902	106621
2	3	1	4	4	8	50	1.09552	91281
2	3	1	4	4	32	98	1.75997	56819
2	3	1	4	4	128	290	1.76426	56681
2	3	1	4	8	8	74	1.10989	90099
2	3	1	4	8	32	122	2.36022	42369
2	3	1	4	8	128	314	2.59909	38475
2	3	2	4	2	8	41	1.03817	96323
2	3	2	4	2	32	89	1.2418	80528
2	3	2	4	2	128	281	1.2418	80528
2	3	2	4	4	8	55	1.11991	89293
2	3	2	4	4	32	103	2.21166	45215
2	3	2	4	4	128	295	2.25525	44341
2	3	2	4	8	8	83	1.11991	89293
2	3	2	4	8	32	131	2.45869	40672
2	3	2	4	8	128	323	2.94221	33988
2	3	3	4	2	8	44	1.05231	95029
2	3	3	4	2	32	92	1.32834	75282
2	3	3	4	2	128	284	1.32834	75282
2	3	3	4	4	8	60	1.12106	89201
2	3	3	4	4	32	108	2.22529	44938
2	3	3	4	4	128	300	2.34329	42675
2	3	3	4	8	8	92	1.12106	89201
2	3	3	4	8	32	140	2.46148	40626
2	3	3	4	8	128	332	2.98659	33483
3	1	1	4	2	8	35	0.874309	114376
3	1	1	4	2	32	83	0.970459	103044
3	1	1	4	2	128	275	0.970459	103044
3	1	1	4	4	8	45	1.08865	91857
3	1	1	4	4	32	93	1.82635	54754
3	1	1	4	4	128	285	1.82789	54708
3	1	1	4	8	8	65	1.10703	90332
3	1	1	4	8	32	113	2.47709	40370
3	1	1	4	8	128	305	2.88434	34670
3	1	2	4	2	8	38	1.02889	97192
3	1	2	4	2	32	86	1.328	75301
3	1	2	4	2	128	278	1.328	75301
3	1	2	4	4	8	50	1.11562	89636
3	1	2	4	4	32	98	2.28436	43776
3	1	2	4	4	128	290	2.39452	41762
3	1	2	4	8	8	74	1.11993	89291
3	1	2	4	8	32	122	2.58124	38741
3	1	2	4	8	128	314	3.60633	27729
3	1	3	4	2	8	41	1.04657	95550
3	1	3	4	2	32	89	1.43035	69913
3	1	3	4	2	128	281	1.43035	69913
3	1	3	4	4	8	55	1.11677	89544
3	1	3	4	4	32	103	2.3175	43150
3	1	3	4	4	128	295	2.48694	40210
3	1	3	4	8	8	83	1.12109	89199
3	1	3	4	8	32	131	2.58124	38741
3	1	3	4	8	128	323	3.67958	27177
3	2	1	4	2	8	38	0.919701	108731
3	2	1	4	2	32	86	1.04922	95309
3	2	1	4	2	128	278	1.04922	95309
3	2	1	4	4	8	50	1.0983	91050
3	2	1	4	4	32	98	1.94118	51515
3	2	1	4	4	128	290	1.94901	51308
3	2	1	4	8	8	74	1.11331	89822
3	2	1	4	8	32	122	2.51724	39726
3	2	1	4	8	128	314	3.0145	33173
3	2	2	4	2	8	41	1.09607	91235
3	2	2	4	2	32	89	1.53055	65336
3	2	2	4	2	128	281	1.53055	65336
3	2	2	4	4	8	55	1.12399	88969
3	2	2	4	4	32	103	2.51864	39704
3	2	2	4	4	128	295	2.7555	36291
3	2	2	4	8	8	83	1.12399	88969
3	2	2	4	8	32	131	2.63762	37913
3	2	2	4	8	128	323	3.76577	26555
3	2	3	4	2	8	44	1.115	89686
3	2	3	4	2	32	92	1.71477	58317
3	2	3	4	2	128	284	1.71477	58317
3	2	3	4	4	8	60	1.12515	88877
3	2	3	4	4	32	108	2.54369	39313
3	2	3	4	4	128	300	3.02197	33091
3	2	3	4	8	8	92	1.12515	88877
3	2	3	4	8	32	140	2.64403	37821
3	2	3	4	8	128	332	3.83862	26051
3	3	1	4	2	8	41	0.923412	108294
3	3	1	4	2	32	89	1.07104	93367
3	3	1	4	2	128	281	1.07104	93367
3	3	1	4	4	8	55	1.0983	91050
3	3	1	4	4	32	103	1.95164	51239
3	3	1	4	4	128	295	1.972	50710
3	3	1	4	8	8	83	1.11331	89822
3	3	1	4	8	32	131	2.5187	39703
3	3	1	4	8	128	323	3.03131	32989
3	3	2	4	2	8	44	1.1019	90752
3	3	2	4	2	32	92	1.58436	63117
3	3	2	4	2	128	284	1.58436	63117
3	3	2	4	4	8	60	1.12399	88969
3	3	2	4	4	32	108	2.53923	39382
3	3	2	4	4	128	300	2.81619	35509
3	3	2	4	8	8	92	1.12399	88969
3	3	2	4	8	32	140	2.64403	37821
3	3	2	4	8	128	332	3.76577	26555
3	3	3	4	2	8	47	1.12104	89203
3	3	3	4	2	32	95	1.78546	56008
3	3	3	4	2	128	287	1.78546	56008
3	3	3	4	4	8	65	1.12515	88877
3	3	3	4	4	32	113	2.55866	39083
3	3	3	4	4	128	305	3.09962	32262
3	3	3	4	8	8	101	1.12515	88877
3	3	3	4	8	32	149	2.65048	37729
3	3	3	4	8	128	341	3.83862	26051
1	1	1	8	2	8	33	0.61846	161692
1	1	1	8	2	32	81	0.618996	161552
1	1	1	8	2	128	273	0.618996	161552
1	1	1	8	4	8	39	1.01094	98918
1	1	1	8	4	32	87	1.15844	86323
1	1	1	8	4	128	279	1.15844	86323
1	1	1	8	8	8	51	1.04654	95553
1	1	1	8	8	32	99	1.47667	67720
1	1	1	8	8	128	291	1.48271	67444
1	1	2	8	2	8	36	0.690894	144740
1	1	2	8	2	32	84	0.699218	143017
1	1	2	8	2	128	276	0.699218	143017
1	1	2	8	4	8	44	1.02726	97346
1	1	2	8	4	32	92	1.27202	78615
1	1	2	8	4	128	284	1.27202	78615
1	1	2	8	8	8	60	1.05419	94860
1	1	2	8	8	32	108	1.49598	66846
1	1	2	8	8	128	300	1.5243	65604
1	1	3	8	2	8	39	0.699834	142891
1	1	3	8	2	32	87	0.714005	140055
1	1	3	8	2	128	279	0.714005	140055
1	1	3	8	4	8	49	1.02824	97254
1	1	3	8	4	32	97	1.28297	77944
1	1	3	8	4	128	289	1.28297	77944
1	1	3	8	8	8	69	1.05521	94768
1	1	3	8	8	32	117	1.50011	66662
1	1	3	8	8	128	309	1.53723	65052
1	2	1	8	2	8	36	0.641968	155771
1	2	1	8	2	32	84	0.643505	155399
1	2	1	8	2	128	276	0.643505	155399
1	2	1	8	4	8	44	1.01806	98226
1	2	1	8	4	32	92	1.19353	83785
1	2	1	8	4	128	284	1.19353	83785
1	2	1	8	8	8	60	1.05216	95043
1	2	1	8	8	32	108	1.48982	67122
1	2	1	8	8	128	300	1.49392	66938
1	2	2	8	2	8	39	0.717211	139429
1	2	2	8	2	32	87	0.730108	136966
1	2	2	8	2	128	279	0.730108	136966
1	2	2	8	4	8	49	1.03463	96653
1	2	2	8	4	32	97	1.32081	75711
1	2	2	8	4	128	289	1.32081	75711
1	2	2	8	8	8	69	1.05936	94397
1	2	2	8	8	32	117	1.5053	66432
1	2	2	8	8	128	309	1.53398	65190
1	2	3	8	2	8	42	0.726364	137672
1	2	3	8	2	32	90	0.74857	133588
1	2	3	8	2	128	282	0.74857	133588
1	2	3	8	4	8	54	1.03561	96561
1	2	3	8	4	32	102	1.34167	74534
1	2	3	8	4	128	294	1.34333	74442
1	2	3	8	8	8	78	1.06039	94305
1	2	3	8	8	32	126	1.50948	66248
1	2	3	8	8	128	318	1.5526	64408
1	3	1	8	2	8	39	0.64406	155265
1	3	1	8	2	32	87	0.646567	154663
1	3	1	8	2	128	279	0.646567	154663
1	3	1	8	4	8	49	1.01806	98226
1	3	1	8	4	32	97	1.1955	83647
1	3	1	8	4	128	289	1.1955	83647
1	3	1	8	8	8	69	1.05216	95043
1	3	1	8	8	32	117	1.48982	67122
1	3	1	8	8	128	309	1.49392	66938
1	3	2	8	2	8	42	0.720539	138785
1	3	2	8	2	32	90	0.735305	135998
1	3	2	8	2	128	282	0.735305	135998
1	3	2	8	4	8	54	1.03463	96653
1	3	2	8	4	32	102	1.32403	75527
1	3	2	8	4	128	294	1.32403	75527
1	3	2	8	8	8	78	1.05936	94397
1	3	2	8	8	32	126	1.5053	66432
1	3	2	8	8	128	318	1.53398	65190
1	3	3	8	2	8	45	0.729778	137028
1	3	3	8	2	32	93	0.754296	132574
1	3	3	8	2	128	285	0.754296	132574
1	3	3	8	4	8	59	1.03561	96561
1	3	3	8	4	32	107	1.34582	74304
1	3	3	8	4	128	299	1.34749	74212
1	3	3	8	8	8	87	1.06039	94305
1	3	3	8	8	32	135	1.50948	66248
1	3	3	8	8	128	327	1.5526	64408
2	1	1	8	2	8	36	0.828782	120659
2	1	1	8	2	32	84	0.85634	116776
2	1	1	8	2	128	276	0.85634	116776
2	1	1	8	4	8	44	1.08755	91950
2	1	1	8	4	32	92	1.6575	60332
2	1	1	8	4	128	284	1.6575	60332
2	1	1	8	8	8	60	1.10589	90425
2	1	1	8	8	32	108	2.33498	42827
2	1	1	8	8	128	300	2.50344	39945
2	1	2	8	2	8	39	0.975972	102462
2	1	2	8	2	32	87	1.10186	90756
2	1	2	8	2	128	279	1.10186	90756
2	1	2	8	4	8	49	1.11161	89960
2	1	2	8	4	32	97	1.98752	50314
2	1	2	8	4	128	289	2.00216	49946
2	1	2	8	8	8	69	1.11588	89615
2	1	2	8	8	32	117	2.44678	40870
2	1	2	8	8	128	309	2.80206	35688
2	1	3	8	2	8	42	0.987528	101263
2	1	3	8	2	32	90	1.15785	86367
2	1	3	8	2	128	282	1.15785	86367
2	1	3	8	4	8	54	1.11331	89822
2	1	3	8	4	32	102	2.0154	49618
2	1	3	8	4	128	294	2.0419	48974
2	1	3	8	8	8	78	1.11761	89477
2	1	3	8	8	32	126	2.45242	40776
2	1	3	8	8	128	318	2.83495	35274
2	2	1	8	2	8	39	0.870178	114919
2	2	1	8	2	32	87	0.920344	108655
2	2	1	8	2	128	279	0.920344	108655
2	2	1	8	4	8	49	1.09718	91143
2	2	1	8	4	32	97	1.75009	57140
2	2	1	8	4	128	289	1.75009	57140
2	2	1	8	8	8	69	1.11216	89915
2	2	1	8	8	32	117	2.37192	42160
2	2	1	8	8	128	309	2.59309	38564
2	2	2	8	2	8	42	1.03571	96552
2	2	2	8	2	32	90	1.21398	82374
2	2	2	8	2	128	282	1.21398	82374
2	2	2	8	4	8	54	1.11991	89293
2	2	2	8	4	32	102	2.20279	45397
2	2	2	8	4	128	294	2.22762	44891
2	2	2	8	8	8	78	1.11991	89293
2	2	2	8	8	32	126	2.49451	40088
2	2	2	8	8	128	318	2.93858	34030
2	2	3	8	2	8	45	1.04927	95304
2	2	3	8	2	32	93	1.29581	77172
2	2	3	8	2	128	285	1.29581	77172
2	2	3	8	4	8	59	1.12164	89155
2	2	3	8	4	32	107	2.22331	44978
2	2	3	8	4	128	299	2.30611	43363
2	2	3	8	8	8	87	1.12164	89155
2	2	3	8	8	32	135	2.50038	39994
2	2	3	8	8	128	327	2.98294	33524
2	3	1	8	2	8	42	0.872974	114551
2	3	1	8	2	32	90	0.937902	106621
2	3	1	8	2	128	282	0.937902	106621
2	3	1	8	4	8	54	1.09718	91143
2	3	1	8	4	32	102	1.76001	56818
2	3	1	8	4	128	294	1.76429	56680
2	3	1	8	8	8	78	1.11216	89915
2	3	1	8	8	32	126	2.37321	42137
2	3	1	8	8	128	318	2.59929	38472
2	3	2	8	2	8	45	1.03918	96230
2	3	2	8	2	32	93	1.2418	80528
2	3	2	8	2	128	285	1.2418	80528
2	3	2	8	4	8	59	1.11991	89293
2	3	2	8	4	32	107	2.21852	45075
2	3	2	8	4	128	299	2.25535	44339
2	3	2	8	8	8	87	1.11991	89293
2	3	2	8	8	32	135	2.49451	40088
2	3	2	8	8	128	327	2.94256	33984
2	3	3	8	2	8	48	1.05283	94982
2	3	3	8	2	32	96	1.32834	75282
2	3	3	8	2	128	288	1.32834	75282
2	3	3	8	4	8	64	1.12164	89155
2	3	3	8	4	32	112	2.23934	44656
2	3	3	8	4	128	304	2.34351	42671
2	3	3	8	8	8	96	1.12164	89155
2	3	3	8	8	32	144	2.50038	39994
2	3	3	8	8	128	336	2.98704	33478
3	1	1	8	2	8	39	0.874661	114330
3	1	1	8	2	32	87	0.970459	103044
3	1	1	8	2	128	279	0.970459	103044
3	1	1	8	4	8	49	1.09029	91719
3	1	1	8	4	32	97	1.82638	54753
3	1	1	8	4	128	289	1.82792	54707
3	1	1	8	8	8	69	1.10929	90148
3	1	1	8	8	32	117	2.50294	39953
3	1	1	8	8	128	309	2.88459	34667
3	1	2	8	2	8	42	1.03136	96959
3	1	2	8	2	32	90	1.328	75301
3	1	2	8	2	128	282	1.328	75301
3	1	2	8	4	8	54	1.1162	89590
3	1	2	8	4	32	102	2.29421	43588
3	1	2	8	4	128	294	2.39469	41759
3	1	2	8	8	8	78	1.12051	89245
3	1	2	8	8	32	126	2.64788	37766
3	1	2	8	8	128	318	3.71664	26906
3	1	3	8	2	8	45	1.04784	95434
3	1	3	8	2	32	93	1.43035	69913
3	1	3	8	2	128	285	1.43035	69913
3	1	3	8	4	8	59	1.11763	89475
3	1	3	8	4	32	107	2.34165	42705
3	1	3	8	4	128	299	2.48719	40206
3	1	3	8	8	8	87	1.12196	89130
3	1	3	8	8	32	135	2.65449	37672
3	1	3	8	8	128	327	3.80127	26307
3	2	1	8	2	8	42	0.92009	108685
3	2	1	8	2	32	90	1.04922	95309
3	2	1	8	2	128	282	1.04922	95309
3	2	1	8	4	8	54	1.09996	90912
3	2	1	8	4	32	102	1.94209	51491
3	2	1	8	4	128	294	1.94905	51307
3	2	1	8	8	8	78	1.1156	89638
3	2	1	8	8	32	126	2.54991	39217
3	2	1	8	8	128	318	3.01477	33170
3	2	2	8	2	8	45	1.09718	91143
3	2	2	8	2	32	93	1.53055	65336
3	2	2	8	2	128	285	1.53055	65336
3	2	2	8	4	8	59	1.12457	88923
3	2	2	8	4	32	107	2.54104	39354
3	2	2	8	4	128	299	2.75581	36287
3	2	2	8	8	8	87	1.12457	88923
3	2	2	8	8	32	135	2.70724	36938
3	2	2	8	8	128	327	4.09232	24436
3	2	3	8	2	8	48	1.11586	89617
3	2	3	8	2	32	96	1.71477	58317
3	2	3	8	2	128	288	1.71477	58317
3	2	3	8	4	8	64	1.12602	88808
3	2	3	8	4	32	112	2.58826	38636
3	2	3	8	4	128	304	3.02279	33082
3	2	3	8	8	8	96	1.12602	88808
3	2	3	8	8	32	144	2.71415	36844
3	2	3	8	8	128	336	4.18305	23906
3	3	1	8	2	8	45	0.923805	108248
3	3	1	8	2	32	93	1.07104	93367
3	3	1	8	2	128	285	1.07104	93367
3	3	1	8	4	8	59	1.09996	90912
3	3	1	8	4	32	107	1.95431	51169
3	3	1	8	4	128	299	1.97204	50709
3	3	1	8	8	8	87	1.1156	89638
3	3	1	8	8	32	135	2.55741	39102
3	3	1	8	8	128	327	3.03159	32986
3	3	2	8	2	8	48	1.10302	90660
3	3	2	8	2	32	96	1.58436	63117
3	3	2	8	2	128	288	1.58436	63117
3	3	2	8	4	8	64	1.12457	88923
3	3	2	8	4	32	112	2.56805	38940
3	3	2	8	4	128	304	2.8165	35505
3	3	2	8	8	8	96	1.12457	88923
3	3	2	8	8	32	144	2.71061	36892
3	3	2	8	8	128	336	4.16285	24022
3	3	3	8	2	8	51	1.12191	89134
3	3	3	8	2	32	99	1.78546	56008
3	3	3	8	2	128	291	1.78546	56008
3	3	3	8	4	8	69	1.12602	88808
3	3	3	8	4	32	117	2.60376	38406
3	3	3	8	4	128	309	3.10049	32253
3	3	3	8	8	8	105	1.12602	88808
3	3	3	8	8	32	153	2.71754	36798
3	3	3	8	8	128	345	4.2526	23515
